; matrix-scan  -v 1 -quick -seq_format fasta -i $RSAT/public_html/tmp/wwwrun/2014/09/03/peak-motifs.2014-09-03.094519_2014-09-03.094519_gM9GBj/data/sequences/peak-motifs_test_maxlen1000.fasta -matrix_format transfac -m $RSAT/public_html/tmp/wwwrun/2014/09/03/peak-motifs.2014-09-03.094519_2014-09-03.094519_gM9GBj/results/discovered_motifs/oligos_6nt_mkv4_m1/peak-motifs_oligos_6nt_mkv4_m1.tf -pseudo 1 -2str -decimals 1 -bg_pseudo 0.01 -n score -lth score -5 -bginput -markov 1 -return distrib -return occ_proba -o $RSAT/public_html/tmp/wwwrun/2014/09/03/peak-motifs.2014-09-03.094519_2014-09-03.094519_gM9GBj/results/discovered_motifs/oligos_6nt_mkv4_m1/peak-motifs_oligos_6nt_mkv4_m1_scan_mkv1_enrichment.tab
; Quick counting mode          
; Input files
;	input	/home/rsat/rsat/public_html/tmp/wwwrun/2014/09/03/peak-motifs.2014-09-03.094519_2014-09-03.094519_gM9GBj/data/sequences/peak-motifs_test_maxlen1000.fasta
; Matrix files
;	matrix 1	/home/rsat/rsat/public_html/tmp/wwwrun/2014/09/03/peak-motifs.2014-09-03.094519_2014-09-03.094519_gM9GBj/results/discovered_motifs/oligos_6nt_mkv4_m1/peak-motifs_oligos_6nt_mkv4_m1.tf
; Sequence format      	fasta
; Output files
;	output	/home/rsat/rsat/public_html/tmp/wwwrun/2014/09/03/peak-motifs.2014-09-03.094519_2014-09-03.094519_gM9GBj/results/discovered_motifs/oligos_6nt_mkv4_m1/peak-motifs_oligos_6nt_mkv4_m1_scan_mkv1_enrichment.tab
; Pseudo counts        	1
; Background model
;	Method        	input
;	Markov order  	1
;	Strand        	undef
;	Background pseudo-frequency	0.01
;	Residue probabilities
;		a	0.28684
;		c	0.21288
;		g	0.21268
;		t	0.28760
; Thresholds	lower	upper
;	score 	-5   	NA
;
; Matrices
;	matrix	name              	ncol	nrow	pseudo	Wmin	Wmax	Wrange
;	1	oligos_6nt_mkv4_m1	15	4	1	-51.600	15.800	67.400	a:0.287 c:0.213 g:0.213 t:0.288 
;
; Score distribution
#matrix	score	occ	occ_cum	inv_cum	inv_cum_freq	occ_prior	exp_occ	occ_Pval	occ_Eval	occ_sig	occ_sig_rank
oligos_6nt_mkv4_m1	-5.0	5951	20560684	235158	1.130793e-02	9.817676e-03	204166.83	0.000000e+00	0.000000e+00	350.00	1
oligos_6nt_mkv4_m1	-4.9	6062	20566746	229096	1.101643e-02	9.478515e-03	197113.69	0.000000e+00	0.000000e+00	350.00	2
oligos_6nt_mkv4_m1	-4.8	5859	20572605	223237	1.073469e-02	9.209035e-03	191509.62	0.000000e+00	0.000000e+00	350.00	3
oligos_6nt_mkv4_m1	-4.7	5572	20578177	217665	1.046676e-02	8.889281e-03	184860.07	0.000000e+00	0.000000e+00	350.00	4
oligos_6nt_mkv4_m1	-4.6	5583	20583760	212082	1.019829e-02	8.607702e-03	179004.40	0.000000e+00	0.000000e+00	350.00	5
oligos_6nt_mkv4_m1	-4.5	5258	20589018	206824	9.945450e-03	8.359194e-03	173836.46	0.000000e+00	0.000000e+00	350.00	6
oligos_6nt_mkv4_m1	-4.4	5369	20594387	201455	9.687274e-03	8.063183e-03	167680.66	0.000000e+00	0.000000e+00	350.00	7
oligos_6nt_mkv4_m1	-4.3	5335	20599722	196120	9.430732e-03	7.829100e-03	162812.71	0.000000e+00	0.000000e+00	350.00	8
oligos_6nt_mkv4_m1	-4.2	4969	20604691	191151	9.191790e-03	7.576912e-03	157568.25	0.000000e+00	0.000000e+00	350.00	9
oligos_6nt_mkv4_m1	-4.1	4933	20609624	186218	8.954579e-03	7.306240e-03	151939.40	0.000000e+00	0.000000e+00	350.00	10
oligos_6nt_mkv4_m1	-4.0	4643	20614267	181575	8.731313e-03	7.090616e-03	147455.32	0.000000e+00	0.000000e+00	350.00	11
oligos_6nt_mkv4_m1	-3.9	4658	20618925	176917	8.507326e-03	6.834957e-03	142138.68	0.000000e+00	0.000000e+00	350.00	12
oligos_6nt_mkv4_m1	-3.8	4456	20623381	172461	8.293052e-03	6.609415e-03	137448.34	0.000000e+00	0.000000e+00	350.00	13
oligos_6nt_mkv4_m1	-3.7	4383	20627764	168078	8.082289e-03	6.389962e-03	132884.63	0.000000e+00	0.000000e+00	350.00	14
oligos_6nt_mkv4_m1	-3.6	4175	20631939	163903	7.881528e-03	6.198358e-03	128900.08	0.000000e+00	0.000000e+00	350.00	15
oligos_6nt_mkv4_m1	-3.5	4243	20636182	159660	7.677497e-03	5.991285e-03	124593.82	0.000000e+00	0.000000e+00	350.00	16
oligos_6nt_mkv4_m1	-3.4	4112	20640294	155548	7.479765e-03	5.770982e-03	120012.42	0.000000e+00	0.000000e+00	350.00	17
oligos_6nt_mkv4_m1	-3.3	3896	20644190	151652	7.292420e-03	5.576662e-03	115971.37	0.000000e+00	0.000000e+00	350.00	18
oligos_6nt_mkv4_m1	-3.2	3724	20647914	147928	7.113345e-03	5.406894e-03	112440.91	0.000000e+00	0.000000e+00	350.00	19
oligos_6nt_mkv4_m1	-3.1	3699	20651613	144229	6.935473e-03	5.223397e-03	108624.93	0.000000e+00	0.000000e+00	350.00	20
oligos_6nt_mkv4_m1	-3.0	3567	20655180	140662	6.763949e-03	5.043439e-03	104882.55	0.000000e+00	0.000000e+00	350.00	21
oligos_6nt_mkv4_m1	-2.9	3543	20658723	137119	6.593578e-03	4.854025e-03	100943.52	0.000000e+00	0.000000e+00	350.00	22
oligos_6nt_mkv4_m1	-2.8	3441	20662164	133678	6.428112e-03	4.684778e-03	97423.89	0.000000e+00	0.000000e+00	350.00	23
oligos_6nt_mkv4_m1	-2.7	3256	20665420	130422	6.271542e-03	4.522130e-03	94041.50	0.000000e+00	0.000000e+00	350.00	24
oligos_6nt_mkv4_m1	-2.6	3148	20668568	127274	6.120166e-03	4.378523e-03	91055.07	0.000000e+00	0.000000e+00	350.00	25
oligos_6nt_mkv4_m1	-2.5	3091	20671659	124183	5.971531e-03	4.223509e-03	87831.42	0.000000e+00	0.000000e+00	350.00	26
oligos_6nt_mkv4_m1	-2.4	3134	20674793	121049	5.820827e-03	4.059135e-03	84413.14	0.000000e+00	0.000000e+00	350.00	27
oligos_6nt_mkv4_m1	-2.3	2972	20677765	118077	5.677914e-03	3.914101e-03	81397.02	0.000000e+00	0.000000e+00	350.00	28
oligos_6nt_mkv4_m1	-2.2	2889	20680654	115188	5.538992e-03	3.788658e-03	78788.33	0.000000e+00	0.000000e+00	350.00	29
oligos_6nt_mkv4_m1	-2.1	2880	20683534	112308	5.400503e-03	3.652364e-03	75953.97	0.000000e+00	0.000000e+00	350.00	30
oligos_6nt_mkv4_m1	-2.0	2752	20686286	109556	5.268169e-03	3.521368e-03	73229.81	0.000000e+00	0.000000e+00	350.00	31
oligos_6nt_mkv4_m1	-1.9	2723	20689009	106833	5.137229e-03	3.393599e-03	70572.74	0.000000e+00	0.000000e+00	350.00	32
oligos_6nt_mkv4_m1	-1.8	2614	20691623	104219	5.011531e-03	3.258070e-03	67754.30	0.000000e+00	0.000000e+00	350.00	33
oligos_6nt_mkv4_m1	-1.7	2512	20694135	101707	4.890738e-03	3.139445e-03	65287.40	0.000000e+00	0.000000e+00	350.00	34
oligos_6nt_mkv4_m1	-1.6	2526	20696661	99181	4.769271e-03	3.035114e-03	63117.75	0.000000e+00	0.000000e+00	350.00	35
oligos_6nt_mkv4_m1	-1.5	2365	20699026	96816	4.655546e-03	2.912457e-03	60567.00	0.000000e+00	0.000000e+00	350.00	36
oligos_6nt_mkv4_m1	-1.4	2338	20701364	94478	4.543120e-03	2.815179e-03	58544.02	0.000000e+00	0.000000e+00	350.00	37
oligos_6nt_mkv4_m1	-1.3	2379	20703743	92099	4.428722e-03	2.698964e-03	56127.23	0.000000e+00	0.000000e+00	350.00	38
oligos_6nt_mkv4_m1	-1.2	2182	20705925	89917	4.323797e-03	2.606757e-03	54209.70	0.000000e+00	0.000000e+00	350.00	39
oligos_6nt_mkv4_m1	-1.1	2279	20708204	87638	4.214208e-03	2.508581e-03	52168.05	0.000000e+00	0.000000e+00	350.00	40
oligos_6nt_mkv4_m1	-1.0	2141	20710345	85497	4.111255e-03	2.404811e-03	50010.06	0.000000e+00	0.000000e+00	350.00	41
oligos_6nt_mkv4_m1	-0.9	2090	20712435	83407	4.010754e-03	2.321748e-03	48282.69	0.000000e+00	0.000000e+00	350.00	42
oligos_6nt_mkv4_m1	-0.8	2050	20714485	81357	3.912176e-03	2.232781e-03	46432.57	0.000000e+00	0.000000e+00	350.00	43
oligos_6nt_mkv4_m1	-0.7	1912	20716397	79445	3.820235e-03	2.138899e-03	44480.20	0.000000e+00	0.000000e+00	350.00	44
oligos_6nt_mkv4_m1	-0.6	1921	20718318	77524	3.727861e-03	2.057177e-03	42780.73	0.000000e+00	0.000000e+00	350.00	45
oligos_6nt_mkv4_m1	-0.5	1854	20720172	75670	3.638708e-03	1.977181e-03	41117.14	0.000000e+00	0.000000e+00	350.00	46
oligos_6nt_mkv4_m1	-0.4	1847	20722019	73823	3.549893e-03	1.899491e-03	39501.51	0.000000e+00	0.000000e+00	350.00	47
oligos_6nt_mkv4_m1	-0.3	1774	20723793	72049	3.464587e-03	1.832319e-03	38104.62	0.000000e+00	0.000000e+00	350.00	48
oligos_6nt_mkv4_m1	-0.2	1640	20725433	70409	3.385725e-03	1.760442e-03	36609.88	0.000000e+00	0.000000e+00	350.00	49
oligos_6nt_mkv4_m1	-0.1	1675	20727108	68734	3.305180e-03	1.691523e-03	35176.65	0.000000e+00	0.000000e+00	350.00	50
oligos_6nt_mkv4_m1	0.0	1641	20728749	67093	3.226270e-03	1.617681e-03	33641.04	0.000000e+00	0.000000e+00	350.00	51
oligos_6nt_mkv4_m1	0.1	1669	20730418	65424	3.146014e-03	1.558593e-03	32412.25	0.000000e+00	0.000000e+00	350.00	52
oligos_6nt_mkv4_m1	0.2	1557	20731975	63867	3.071143e-03	1.489315e-03	30971.56	0.000000e+00	0.000000e+00	350.00	53
oligos_6nt_mkv4_m1	0.3	1492	20733467	62375	2.999398e-03	1.429745e-03	29732.76	0.000000e+00	0.000000e+00	350.00	54
oligos_6nt_mkv4_m1	0.4	1460	20734927	60915	2.929191e-03	1.372584e-03	28544.04	0.000000e+00	0.000000e+00	350.00	55
oligos_6nt_mkv4_m1	0.5	1497	20736424	59418	2.857206e-03	1.322290e-03	27498.13	0.000000e+00	0.000000e+00	350.00	56
oligos_6nt_mkv4_m1	0.6	1408	20737832	58010	2.789500e-03	1.268364e-03	26376.69	0.000000e+00	0.000000e+00	350.00	57
oligos_6nt_mkv4_m1	0.7	1341	20739173	56669	2.725016e-03	1.216323e-03	25294.46	0.000000e+00	0.000000e+00	350.00	58
oligos_6nt_mkv4_m1	0.8	1292	20740465	55377	2.662888e-03	1.165553e-03	24238.66	0.000000e+00	0.000000e+00	350.00	59
oligos_6nt_mkv4_m1	0.9	1326	20741791	54051	2.599125e-03	1.112128e-03	23127.63	0.000000e+00	0.000000e+00	350.00	60
oligos_6nt_mkv4_m1	1.0	1308	20743099	52743	2.536228e-03	1.065679e-03	22161.69	0.000000e+00	0.000000e+00	350.00	61
oligos_6nt_mkv4_m1	1.1	1343	20744442	51400	2.471648e-03	1.024319e-03	21301.58	0.000000e+00	0.000000e+00	350.00	62
oligos_6nt_mkv4_m1	1.2	1295	20745737	50105	2.409376e-03	9.766200e-04	20309.63	0.000000e+00	0.000000e+00	350.00	63
oligos_6nt_mkv4_m1	1.3	1231	20746968	48874	2.350181e-03	9.340959e-04	19425.31	0.000000e+00	0.000000e+00	350.00	64
oligos_6nt_mkv4_m1	1.4	1191	20748159	47683	2.292910e-03	8.973917e-04	18662.01	0.000000e+00	0.000000e+00	350.00	65
oligos_6nt_mkv4_m1	1.5	1102	20749261	46581	2.239919e-03	8.542800e-04	17765.47	0.000000e+00	0.000000e+00	350.00	66
oligos_6nt_mkv4_m1	1.6	1088	20750349	45493	2.187601e-03	8.208854e-04	17071.00	0.000000e+00	0.000000e+00	350.00	67
oligos_6nt_mkv4_m1	1.7	1056	20751405	44437	2.136821e-03	7.816069e-04	16254.17	0.000000e+00	0.000000e+00	350.00	68
oligos_6nt_mkv4_m1	1.8	1047	20752452	43390	2.086475e-03	7.509211e-04	15616.04	0.000000e+00	0.000000e+00	350.00	69
oligos_6nt_mkv4_m1	1.9	1018	20753470	42372	2.037523e-03	7.178129e-04	14927.52	0.000000e+00	0.000000e+00	350.00	70
oligos_6nt_mkv4_m1	2.0	996	20754466	41376	1.989629e-03	6.828986e-04	14201.45	0.000000e+00	0.000000e+00	350.00	71
oligos_6nt_mkv4_m1	2.1	971	20755437	40405	1.942937e-03	6.523468e-04	13566.10	0.000000e+00	0.000000e+00	350.00	72
oligos_6nt_mkv4_m1	2.2	980	20756417	39425	1.895812e-03	6.235032e-04	12966.27	0.000000e+00	0.000000e+00	350.00	73
oligos_6nt_mkv4_m1	2.3	893	20757310	38532	1.852870e-03	5.957521e-04	12389.17	0.000000e+00	0.000000e+00	350.00	74
oligos_6nt_mkv4_m1	2.4	874	20758184	37658	1.810843e-03	5.711870e-04	11878.31	0.000000e+00	0.000000e+00	350.00	75
oligos_6nt_mkv4_m1	2.5	924	20759108	36734	1.766411e-03	5.454908e-04	11343.94	0.000000e+00	0.000000e+00	350.00	76
oligos_6nt_mkv4_m1	2.6	809	20759917	35925	1.727509e-03	5.183710e-04	10779.96	0.000000e+00	0.000000e+00	350.00	77
oligos_6nt_mkv4_m1	2.7	849	20760766	35076	1.686683e-03	4.946411e-04	10286.48	0.000000e+00	0.000000e+00	350.00	78
oligos_6nt_mkv4_m1	2.8	851	20761617	34225	1.645762e-03	4.742341e-04	9862.10	0.000000e+00	0.000000e+00	350.00	79
oligos_6nt_mkv4_m1	2.9	846	20762463	33379	1.605081e-03	4.523824e-04	9407.67	0.000000e+00	0.000000e+00	350.00	80
oligos_6nt_mkv4_m1	3.0	812	20763275	32567	1.566034e-03	4.314879e-04	8973.15	0.000000e+00	0.000000e+00	350.00	81
oligos_6nt_mkv4_m1	3.1	746	20764021	31821	1.530162e-03	4.092051e-04	8509.77	0.000000e+00	0.000000e+00	350.00	82
oligos_6nt_mkv4_m1	3.2	752	20764773	31069	1.494001e-03	3.901503e-04	8113.50	0.000000e+00	0.000000e+00	350.00	83
oligos_6nt_mkv4_m1	3.3	771	20765544	30298	1.456926e-03	3.716874e-04	7729.55	0.000000e+00	0.000000e+00	350.00	84
oligos_6nt_mkv4_m1	3.4	769	20766313	29529	1.419947e-03	3.552311e-04	7387.33	0.000000e+00	0.000000e+00	350.00	85
oligos_6nt_mkv4_m1	3.5	729	20767042	28800	1.384892e-03	3.378930e-04	7026.77	0.000000e+00	0.000000e+00	350.00	86
oligos_6nt_mkv4_m1	3.6	723	20767765	28077	1.350126e-03	3.200695e-04	6656.12	0.000000e+00	0.000000e+00	350.00	87
oligos_6nt_mkv4_m1	3.7	664	20768429	27413	1.318196e-03	3.043656e-04	6329.54	0.000000e+00	0.000000e+00	350.00	88
oligos_6nt_mkv4_m1	3.8	657	20769086	26756	1.286603e-03	2.910670e-04	6052.98	0.000000e+00	0.000000e+00	350.00	89
oligos_6nt_mkv4_m1	3.9	681	20769767	26075	1.253856e-03	2.766083e-04	5752.30	0.000000e+00	0.000000e+00	350.00	90
oligos_6nt_mkv4_m1	4.0	696	20770463	25379	1.220388e-03	2.628579e-04	5466.35	0.000000e+00	0.000000e+00	350.00	91
oligos_6nt_mkv4_m1	4.1	637	20771100	24742	1.189757e-03	2.481917e-04	5161.36	0.000000e+00	0.000000e+00	350.00	92
oligos_6nt_mkv4_m1	4.2	609	20771709	24133	1.160472e-03	2.371843e-04	4932.45	0.000000e+00	0.000000e+00	350.00	93
oligos_6nt_mkv4_m1	4.3	603	20772312	23530	1.131476e-03	2.240145e-04	4658.57	0.000000e+00	0.000000e+00	350.00	94
oligos_6nt_mkv4_m1	4.4	606	20772918	22924	1.102336e-03	2.128501e-04	4426.40	0.000000e+00	0.000000e+00	350.00	95
oligos_6nt_mkv4_m1	4.5	591	20773509	22333	1.073917e-03	2.029414e-04	4220.34	0.000000e+00	0.000000e+00	350.00	96
oligos_6nt_mkv4_m1	4.6	616	20774125	21717	1.044295e-03	1.914763e-04	3981.91	0.000000e+00	0.000000e+00	350.00	97
oligos_6nt_mkv4_m1	4.7	605	20774730	21112	1.015203e-03	1.822277e-04	3789.58	0.000000e+00	0.000000e+00	350.00	98
oligos_6nt_mkv4_m1	4.8	574	20775304	20538	9.876013e-04	1.727237e-04	3591.94	0.000000e+00	0.000000e+00	350.00	99
oligos_6nt_mkv4_m1	4.9	572	20775876	19966	9.600958e-04	1.627034e-04	3383.55	0.000000e+00	0.000000e+00	350.00	100
oligos_6nt_mkv4_m1	5.0	548	20776424	19418	9.337444e-04	1.549444e-04	3222.20	0.000000e+00	0.000000e+00	350.00	101
oligos_6nt_mkv4_m1	5.1	546	20776970	18872	9.074891e-04	1.457386e-04	3030.76	0.000000e+00	0.000000e+00	350.00	102
oligos_6nt_mkv4_m1	5.2	570	20777540	18302	8.800798e-04	1.385066e-04	2880.36	0.000000e+00	0.000000e+00	350.00	103
oligos_6nt_mkv4_m1	5.3	542	20778082	17760	8.540169e-04	1.302495e-04	2708.65	0.000000e+00	0.000000e+00	350.00	104
oligos_6nt_mkv4_m1	5.4	511	20778593	17249	8.294447e-04	1.231511e-04	2561.03	0.000000e+00	0.000000e+00	350.00	105
oligos_6nt_mkv4_m1	5.5	494	20779087	16755	8.056899e-04	1.172288e-04	2437.87	0.000000e+00	0.000000e+00	350.00	106
oligos_6nt_mkv4_m1	5.6	483	20779570	16272	7.824641e-04	1.101209e-04	2290.06	0.000000e+00	0.000000e+00	350.00	107
oligos_6nt_mkv4_m1	5.7	489	20780059	15783	7.589498e-04	1.047339e-04	2178.03	0.000000e+00	0.000000e+00	350.00	108
oligos_6nt_mkv4_m1	5.8	466	20780525	15317	7.365415e-04	9.916366e-05	2062.19	0.000000e+00	0.000000e+00	350.00	109
oligos_6nt_mkv4_m1	5.9	433	20780958	14884	7.157200e-04	9.332556e-05	1940.78	0.000000e+00	0.000000e+00	350.00	110
oligos_6nt_mkv4_m1	6.0	450	20781408	14434	6.940811e-04	8.866033e-05	1843.77	0.000000e+00	0.000000e+00	350.00	111
oligos_6nt_mkv4_m1	6.1	410	20781818	14024	6.743656e-04	8.303027e-05	1726.68	0.000000e+00	0.000000e+00	350.00	112
oligos_6nt_mkv4_m1	6.2	448	20782266	13576	6.528228e-04	7.898003e-05	1642.46	0.000000e+00	0.000000e+00	350.00	113
oligos_6nt_mkv4_m1	6.3	430	20782696	13146	6.321456e-04	7.425294e-05	1544.15	0.000000e+00	0.000000e+00	350.00	114
oligos_6nt_mkv4_m1	6.4	397	20783093	12749	6.130553e-04	7.012730e-05	1458.36	0.000000e+00	0.000000e+00	350.00	115
oligos_6nt_mkv4_m1	6.5	360	20783453	12389	5.957441e-04	6.648744e-05	1382.66	0.000000e+00	0.000000e+00	350.00	116
oligos_6nt_mkv4_m1	6.6	423	20783876	11966	5.754035e-04	6.225768e-05	1294.70	0.000000e+00	0.000000e+00	350.00	117
oligos_6nt_mkv4_m1	6.7	384	20784260	11582	5.569383e-04	5.889102e-05	1224.69	0.000000e+00	0.000000e+00	350.00	118
oligos_6nt_mkv4_m1	6.8	356	20784616	11226	5.398195e-04	5.554913e-05	1155.19	0.000000e+00	0.000000e+00	350.00	119
oligos_6nt_mkv4_m1	6.9	364	20784980	10862	5.223160e-04	5.206629e-05	1082.76	0.000000e+00	0.000000e+00	350.00	120
oligos_6nt_mkv4_m1	7.0	390	20785370	10472	5.035622e-04	4.930859e-05	1025.41	0.000000e+00	0.000000e+00	350.00	121
oligos_6nt_mkv4_m1	7.1	332	20785702	10140	4.875975e-04	4.590203e-05	954.57	0.000000e+00	0.000000e+00	350.00	122
oligos_6nt_mkv4_m1	7.2	309	20786011	9831	4.727388e-04	4.328471e-05	900.14	0.000000e+00	0.000000e+00	350.00	123
oligos_6nt_mkv4_m1	7.3	346	20786357	9485	4.561008e-04	4.033379e-05	838.78	0.000000e+00	0.000000e+00	350.00	124
oligos_6nt_mkv4_m1	7.4	343	20786700	9142	4.396071e-04	3.772773e-05	784.58	0.000000e+00	0.000000e+00	350.00	125
oligos_6nt_mkv4_m1	7.5	318	20787018	8824	4.243156e-04	3.551259e-05	738.51	0.000000e+00	0.000000e+00	350.00	126
oligos_6nt_mkv4_m1	7.6	338	20787356	8486	4.080624e-04	3.291053e-05	684.40	0.000000e+00	0.000000e+00	350.00	127
oligos_6nt_mkv4_m1	7.7	278	20787634	8208	3.946943e-04	3.105350e-05	645.78	0.000000e+00	0.000000e+00	350.00	128
oligos_6nt_mkv4_m1	7.8	265	20787899	7943	3.819514e-04	2.885881e-05	600.14	0.000000e+00	0.000000e+00	350.00	129
oligos_6nt_mkv4_m1	7.9	304	20788203	7639	3.673331e-04	2.683440e-05	558.04	0.000000e+00	0.000000e+00	350.00	130
oligos_6nt_mkv4_m1	8.0	264	20788467	7375	3.546382e-04	2.522745e-05	524.63	0.000000e+00	0.000000e+00	350.00	131
oligos_6nt_mkv4_m1	8.1	252	20788719	7123	3.425204e-04	2.353158e-05	489.36	0.000000e+00	0.000000e+00	350.00	132
oligos_6nt_mkv4_m1	8.2	225	20788944	6898	3.317009e-04	2.198959e-05	457.29	0.000000e+00	0.000000e+00	350.00	133
oligos_6nt_mkv4_m1	8.3	231	20789175	6667	3.205929e-04	2.041910e-05	424.63	0.000000e+00	0.000000e+00	350.00	134
oligos_6nt_mkv4_m1	8.4	289	20789464	6378	3.066959e-04	1.907620e-05	396.71	0.000000e+00	0.000000e+00	350.00	135
oligos_6nt_mkv4_m1	8.5	235	20789699	6143	2.953956e-04	1.773184e-05	368.75	0.000000e+00	0.000000e+00	350.00	136
oligos_6nt_mkv4_m1	8.6	230	20789929	5913	2.843357e-04	1.664778e-05	346.20	0.000000e+00	0.000000e+00	350.00	137
oligos_6nt_mkv4_m1	8.7	226	20790155	5687	2.734681e-04	1.555106e-05	323.40	0.000000e+00	0.000000e+00	350.00	138
oligos_6nt_mkv4_m1	8.8	236	20790391	5451	2.621197e-04	1.451137e-05	301.78	0.000000e+00	0.000000e+00	350.00	139
oligos_6nt_mkv4_m1	8.9	205	20790596	5246	2.522620e-04	1.338947e-05	278.45	0.000000e+00	0.000000e+00	350.00	140
oligos_6nt_mkv4_m1	9.0	234	20790830	5012	2.410097e-04	1.247350e-05	259.40	0.000000e+00	0.000000e+00	350.00	141
oligos_6nt_mkv4_m1	9.1	225	20791055	4787	2.301903e-04	1.168621e-05	243.02	0.000000e+00	0.000000e+00	350.00	142
oligos_6nt_mkv4_m1	9.2	224	20791279	4563	2.194189e-04	1.087667e-05	226.19	0.000000e+00	0.000000e+00	350.00	143
oligos_6nt_mkv4_m1	9.3	162	20791441	4401	2.116289e-04	9.989753e-06	207.75	0.000000e+00	0.000000e+00	350.00	144
oligos_6nt_mkv4_m1	9.4	230	20791671	4171	2.005690e-04	9.225262e-06	191.85	0.000000e+00	0.000000e+00	350.00	145
oligos_6nt_mkv4_m1	9.5	170	20791841	4001	1.923942e-04	8.611118e-06	179.08	0.000000e+00	0.000000e+00	350.00	146
oligos_6nt_mkv4_m1	9.6	241	20792082	3760	1.808054e-04	8.055686e-06	167.52	0.000000e+00	0.000000e+00	350.00	147
oligos_6nt_mkv4_m1	9.7	158	20792240	3602	1.732077e-04	7.543976e-06	156.88	0.000000e+00	0.000000e+00	350.00	148
oligos_6nt_mkv4_m1	9.8	199	20792439	3403	1.636385e-04	6.981208e-06	145.18	0.000000e+00	0.000000e+00	350.00	149
oligos_6nt_mkv4_m1	9.9	191	20792630	3212	1.544540e-04	6.422579e-06	133.56	0.000000e+00	0.000000e+00	350.00	150
oligos_6nt_mkv4_m1	10.0	111	20792741	3101	1.491164e-04	5.922814e-06	123.17	0.000000e+00	0.000000e+00	350.00	151
oligos_6nt_mkv4_m1	10.1	142	20792883	2959	1.422881e-04	5.577425e-06	115.99	0.000000e+00	0.000000e+00	350.00	152
oligos_6nt_mkv4_m1	10.2	147	20793030	2812	1.352193e-04	5.176584e-06	107.65	0.000000e+00	0.000000e+00	350.00	153
oligos_6nt_mkv4_m1	10.3	166	20793196	2646	1.272370e-04	4.743229e-06	98.64	0.000000e+00	0.000000e+00	350.00	154
oligos_6nt_mkv4_m1	10.4	153	20793349	2493	1.198797e-04	4.322993e-06	89.90	0.000000e+00	0.000000e+00	350.00	155
oligos_6nt_mkv4_m1	10.5	110	20793459	2383	1.145902e-04	3.998375e-06	83.15	0.000000e+00	0.000000e+00	350.00	156
oligos_6nt_mkv4_m1	10.6	110	20793569	2273	1.093007e-04	3.692235e-06	76.78	0.000000e+00	0.000000e+00	350.00	157
oligos_6nt_mkv4_m1	10.7	112	20793681	2161	1.039150e-04	3.386030e-06	70.42	0.000000e+00	0.000000e+00	350.00	158
oligos_6nt_mkv4_m1	10.8	101	20793782	2060	9.905827e-05	3.095410e-06	64.37	0.000000e+00	0.000000e+00	350.00	159
oligos_6nt_mkv4_m1	10.9	135	20793917	1925	9.256659e-05	2.854767e-06	59.37	0.000000e+00	0.000000e+00	350.00	160
oligos_6nt_mkv4_m1	11.0	100	20794017	1825	8.775793e-05	2.575261e-06	53.55	0.000000e+00	0.000000e+00	350.00	161
oligos_6nt_mkv4_m1	11.1	110	20794127	1715	8.246841e-05	2.350065e-06	48.87	0.000000e+00	0.000000e+00	350.00	162
oligos_6nt_mkv4_m1	11.2	109	20794236	1606	7.722698e-05	2.149032e-06	44.69	0.000000e+00	0.000000e+00	350.00	163
oligos_6nt_mkv4_m1	11.3	132	20794368	1474	7.087956e-05	1.913222e-06	39.79	0.000000e+00	0.000000e+00	350.00	164
oligos_6nt_mkv4_m1	11.4	76	20794444	1398	6.722498e-05	1.742592e-06	36.24	0.000000e+00	0.000000e+00	350.00	165
oligos_6nt_mkv4_m1	11.5	97	20794541	1301	6.256059e-05	1.546383e-06	32.16	0.000000e+00	0.000000e+00	350.00	166
oligos_6nt_mkv4_m1	11.6	134	20794675	1167	5.611699e-05	1.427179e-06	29.68	0.000000e+00	0.000000e+00	350.00	167
oligos_6nt_mkv4_m1	11.7	60	20794735	1107	5.323180e-05	1.281537e-06	26.65	0.000000e+00	0.000000e+00	350.00	168
oligos_6nt_mkv4_m1	11.8	88	20794823	1019	4.900018e-05	1.146928e-06	23.85	0.000000e+00	0.000000e+00	350.00	169
oligos_6nt_mkv4_m1	11.9	53	20794876	966	4.645160e-05	1.031442e-06	21.45	0.000000e+00	0.000000e+00	350.00	170
oligos_6nt_mkv4_m1	12.0	115	20794991	851	4.092164e-05	9.439136e-07	19.63	0.000000e+00	0.000000e+00	350.00	171
oligos_6nt_mkv4_m1	12.1	90	20795081	761	3.659386e-05	8.652729e-07	17.99	0.000000e+00	0.000000e+00	350.00	172
oligos_6nt_mkv4_m1	12.2	46	20795127	715	3.438187e-05	7.802554e-07	16.23	0.000000e+00	0.000000e+00	350.00	173
oligos_6nt_mkv4_m1	12.3	101	20795228	614	2.952513e-05	7.105253e-07	14.78	0.000000e+00	0.000000e+00	350.00	174
oligos_6nt_mkv4_m1	12.4	30	20795258	584	2.808254e-05	6.472846e-07	13.46	0.000000e+00	0.000000e+00	350.00	175
oligos_6nt_mkv4_m1	12.5	43	20795301	541	2.601482e-05	5.878278e-07	12.22	0.000000e+00	0.000000e+00	350.00	176
oligos_6nt_mkv4_m1	12.6	53	20795354	488	2.346623e-05	5.354229e-07	11.13	0.000000e+00	0.000000e+00	350.00	177
oligos_6nt_mkv4_m1	12.7	49	20795403	439	2.110999e-05	4.998361e-07	10.39	0.000000e+00	0.000000e+00	350.00	178
oligos_6nt_mkv4_m1	12.8	33	20795436	406	1.952313e-05	4.668585e-07	9.71	0.000000e+00	0.000000e+00	350.00	179
oligos_6nt_mkv4_m1	12.9	31	20795467	375	1.803245e-05	4.303721e-07	8.95	0.000000e+00	0.000000e+00	350.00	180
oligos_6nt_mkv4_m1	13.0	36	20795503	339	1.630134e-05	3.728161e-07	7.75	0.000000e+00	0.000000e+00	350.00	181
oligos_6nt_mkv4_m1	13.1	46	20795549	293	1.408936e-05	3.312547e-07	6.89	0.000000e+00	0.000000e+00	350.00	182
oligos_6nt_mkv4_m1	13.2	15	20795564	278	1.336806e-05	2.885346e-07	6.00	0.000000e+00	0.000000e+00	350.00	183
oligos_6nt_mkv4_m1	13.3	40	20795604	238	1.144460e-05	2.565226e-07	5.33	7.798350e-294	1.583065e-291	290.80	184
oligos_6nt_mkv4_m1	13.4	23	20795627	215	1.033861e-05	2.280036e-07	4.74	4.036045e-267	8.193171e-265	264.09	185
oligos_6nt_mkv4_m1	13.5	33	20795660	182	8.751750e-06	1.891820e-07	3.93	5.541820e-228	1.124989e-225	224.95	186
oligos_6nt_mkv4_m1	13.6	30	20795690	152	7.309154e-06	1.682311e-07	3.50	1.103834e-186	2.240783e-184	183.65	187
oligos_6nt_mkv4_m1	13.7	16	20795706	136	6.539769e-06	1.286976e-07	2.68	2.685770e-176	5.452113e-174	173.26	188
oligos_6nt_mkv4_m1	13.8	23	20795729	113	5.433779e-06	1.142838e-07	2.38	1.294003e-143	2.626826e-141	140.58	189
oligos_6nt_mkv4_m1	13.9	6	20795735	107	5.145260e-06	9.153379e-08	1.90	1.011447e-143	2.053238e-141	140.69	190
oligos_6nt_mkv4_m1	14.0	15	20795750	92	4.423962e-06	7.983682e-08	1.66	2.808385e-123	5.701021e-121	120.24	191
oligos_6nt_mkv4_m1	14.1	5	20795755	87	4.183529e-06	6.640880e-08	1.38	1.908911e-121	3.875090e-119	118.41	192
oligos_6nt_mkv4_m1	14.2	29	20795784	58	2.789019e-06	5.982654e-08	1.24	3.982949e-74	8.085386e-72	71.09	193
oligos_6nt_mkv4_m1	14.3	18	20795802	40	1.923462e-06	4.176785e-08	0.87	1.875655e-51	3.807580e-49	48.42	194
oligos_6nt_mkv4_m1	14.4	3	20795805	37	1.779202e-06	2.436229e-08	0.51	5.257087e-55	1.067189e-52	51.97	195
oligos_6nt_mkv4_m1	14.5	9	20795814	28	1.346423e-06	2.106606e-08	0.44	1.976399e-40	4.012089e-38	37.40	196
oligos_6nt_mkv4_m1	14.6	2	20795816	26	1.250250e-06	1.621503e-08	0.34	9.519966e-40	1.932553e-37	36.71	197
oligos_6nt_mkv4_m1	14.7	5	20795821	21	1.009817e-06	1.196055e-08	0.25	3.153867e-33	6.402351e-31	30.19	198
oligos_6nt_mkv4_m1	14.8	4	20795825	17	8.174711e-07	9.327822e-09	0.19	1.824952e-27	3.704653e-25	24.43	199
oligos_6nt_mkv4_m1	14.9	11	20795836	6	2.885192e-07	7.332099e-09	0.15	1.531842e-08	3.109639e-06	5.51	200
oligos_6nt_mkv4_m1	15.0	4	20795840	2	9.617308e-08	4.392116e-09	0.09	3.925787e-03	7.969347e-01	0.10	201
oligos_6nt_mkv4_m1	15.2	1	20795841	1	4.808654e-08	2.086388e-09	0.04	4.246039e-02	8.619459e+00	-0.94	202
oligos_6nt_mkv4_m1	15.3	1	20795842	0	0.000000e+00	1.114151e-09	0.02	1.000000e+00	2.030000e+02	-2.31	203
; Number of sequences scanned	43038
; Sum of sequence lengths	11000544
; N residues           	63
; Matches per matrix
;	matrix	name              	matches	scored
;	1	oligos_6nt_mkv4_m1	20795841	20795841
;		TOTAL          	20795841	20795841
; Host name	rsat
; Job started	2014-09-03.102049
; Job done	2014-09-03.102109
; Seconds	10.86
;	user	10.86
;	system	0.06
;	cuser	0.59
;	csystem	0.02
