; matrix-scan  -v 1 -quick -seq_format fasta -i $RSAT/public_html/tmp/wwwrun/2014/09/03/peak-motifs.2014-09-03.182940_2014-09-03.182940_LkVj4M/data/sequences/peak-motifs_test_maxlen400.fasta -matrix_format transfac -m $RSAT/public_html/tmp/wwwrun/2014/09/03/peak-motifs.2014-09-03.182940_2014-09-03.182940_LkVj4M/results/discovered_motifs/oligos_8nt_mkv6_m5/peak-motifs_oligos_8nt_mkv6_m5.tf -pseudo 1 -2str -decimals 1 -bg_pseudo 0.01 -n score -lth score -5 -bginput -markov 1 -return distrib -return occ_proba -o $RSAT/public_html/tmp/wwwrun/2014/09/03/peak-motifs.2014-09-03.182940_2014-09-03.182940_LkVj4M/results/discovered_motifs/oligos_8nt_mkv6_m5/peak-motifs_oligos_8nt_mkv6_m5_scan_mkv1_enrichment.tab
; Quick counting mode          
; Input files
;	input	/home/rsat/rsat/public_html/tmp/wwwrun/2014/09/03/peak-motifs.2014-09-03.182940_2014-09-03.182940_LkVj4M/data/sequences/peak-motifs_test_maxlen400.fasta
; Matrix files
;	matrix 1	/home/rsat/rsat/public_html/tmp/wwwrun/2014/09/03/peak-motifs.2014-09-03.182940_2014-09-03.182940_LkVj4M/results/discovered_motifs/oligos_8nt_mkv6_m5/peak-motifs_oligos_8nt_mkv6_m5.tf
; Sequence format      	fasta
; Output files
;	output	/home/rsat/rsat/public_html/tmp/wwwrun/2014/09/03/peak-motifs.2014-09-03.182940_2014-09-03.182940_LkVj4M/results/discovered_motifs/oligos_8nt_mkv6_m5/peak-motifs_oligos_8nt_mkv6_m5_scan_mkv1_enrichment.tab
; Pseudo counts        	1
; Background model
;	Method        	input
;	Markov order  	1
;	Strand        	undef
;	Background pseudo-frequency	0.01
;	Residue probabilities
;		a	0.28671
;		c	0.21298
;		g	0.21277
;		t	0.28754
; Thresholds	lower	upper
;	score 	-5   	NA
;
; Matrices
;	matrix	name              	ncol	nrow	pseudo	Wmin	Wmax	Wrange
;	1	oligos_8nt_mkv6_m5	12	4	1	-60.300	12.200	72.500	a:0.287 c:0.213 g:0.213 t:0.288 
;
; Score distribution
#matrix	score	occ	occ_cum	inv_cum	inv_cum_freq	occ_prior	exp_occ	occ_Pval	occ_Eval	occ_sig	occ_sig_rank
oligos_8nt_mkv6_m5	-5.0	1697	20350100	65888	3.227280e-03	1.938265e-03	39571.52	0.000000e+00	0.000000e+00	350.00	1
oligos_8nt_mkv6_m5	-4.9	1353	20351453	64535	3.161009e-03	1.852528e-03	37821.11	0.000000e+00	0.000000e+00	350.00	2
oligos_8nt_mkv6_m5	-4.8	1400	20352853	63135	3.092435e-03	1.791746e-03	36580.21	0.000000e+00	0.000000e+00	350.00	3
oligos_8nt_mkv6_m5	-4.7	1431	20354284	61704	3.022343e-03	1.721055e-03	35136.98	0.000000e+00	0.000000e+00	350.00	4
oligos_8nt_mkv6_m5	-4.6	1178	20355462	60526	2.964643e-03	1.655145e-03	33791.36	0.000000e+00	0.000000e+00	350.00	5
oligos_8nt_mkv6_m5	-4.5	1145	20356607	59381	2.908559e-03	1.604310e-03	32753.52	0.000000e+00	0.000000e+00	350.00	6
oligos_8nt_mkv6_m5	-4.4	1025	20357632	58356	2.858353e-03	1.548186e-03	31607.68	0.000000e+00	0.000000e+00	350.00	7
oligos_8nt_mkv6_m5	-4.3	1062	20358694	57294	2.806335e-03	1.500489e-03	30633.92	0.000000e+00	0.000000e+00	350.00	8
oligos_8nt_mkv6_m5	-4.2	1056	20359750	56238	2.754611e-03	1.446635e-03	29534.42	0.000000e+00	0.000000e+00	350.00	9
oligos_8nt_mkv6_m5	-4.1	1068	20360818	55170	2.702299e-03	1.398430e-03	28550.28	0.000000e+00	0.000000e+00	350.00	10
oligos_8nt_mkv6_m5	-4.0	1171	20361989	53999	2.644942e-03	1.362426e-03	27815.23	0.000000e+00	0.000000e+00	350.00	11
oligos_8nt_mkv6_m5	-3.9	856	20362845	53143	2.603014e-03	1.318830e-03	26925.16	0.000000e+00	0.000000e+00	350.00	12
oligos_8nt_mkv6_m5	-3.8	882	20363727	52261	2.559812e-03	1.284362e-03	26221.47	0.000000e+00	0.000000e+00	350.00	13
oligos_8nt_mkv6_m5	-3.7	1090	20364817	51171	2.506423e-03	1.253525e-03	25591.91	0.000000e+00	0.000000e+00	350.00	14
oligos_8nt_mkv6_m5	-3.6	948	20365765	50223	2.459988e-03	1.223258e-03	24973.97	0.000000e+00	0.000000e+00	350.00	15
oligos_8nt_mkv6_m5	-3.5	836	20366601	49387	2.419040e-03	1.189727e-03	24289.41	0.000000e+00	0.000000e+00	350.00	16
oligos_8nt_mkv6_m5	-3.4	867	20367468	48520	2.376573e-03	1.154700e-03	23574.30	0.000000e+00	0.000000e+00	350.00	17
oligos_8nt_mkv6_m5	-3.3	824	20368292	47696	2.336213e-03	1.127118e-03	23011.19	0.000000e+00	0.000000e+00	350.00	18
oligos_8nt_mkv6_m5	-3.2	569	20368861	47127	2.308342e-03	1.101982e-03	22498.02	0.000000e+00	0.000000e+00	350.00	19
oligos_8nt_mkv6_m5	-3.1	501	20369362	46626	2.283803e-03	1.077749e-03	22003.28	0.000000e+00	0.000000e+00	350.00	20
oligos_8nt_mkv6_m5	-3.0	659	20370021	45967	2.251524e-03	1.061050e-03	21662.34	0.000000e+00	0.000000e+00	350.00	21
oligos_8nt_mkv6_m5	-2.9	456	20370477	45511	2.229188e-03	1.042291e-03	21279.36	0.000000e+00	0.000000e+00	350.00	22
oligos_8nt_mkv6_m5	-2.8	420	20370897	45091	2.208616e-03	1.025849e-03	20943.68	0.000000e+00	0.000000e+00	350.00	23
oligos_8nt_mkv6_m5	-2.7	681	20371578	44410	2.175260e-03	1.011671e-03	20654.23	0.000000e+00	0.000000e+00	350.00	24
oligos_8nt_mkv6_m5	-2.6	663	20372241	43747	2.142785e-03	9.968581e-04	20351.81	0.000000e+00	0.000000e+00	350.00	25
oligos_8nt_mkv6_m5	-2.5	947	20373188	42800	2.096400e-03	9.817740e-04	20043.85	0.000000e+00	0.000000e+00	350.00	26
oligos_8nt_mkv6_m5	-2.4	1042	20374230	41758	2.045361e-03	9.619403e-04	19638.93	0.000000e+00	0.000000e+00	350.00	27
oligos_8nt_mkv6_m5	-2.3	1224	20375454	40534	1.985408e-03	9.462247e-04	19318.08	0.000000e+00	0.000000e+00	350.00	28
oligos_8nt_mkv6_m5	-2.2	1403	20376857	39131	1.916688e-03	9.324580e-04	19037.02	0.000000e+00	0.000000e+00	350.00	29
oligos_8nt_mkv6_m5	-2.1	905	20377762	38226	1.872360e-03	9.177847e-04	18737.45	0.000000e+00	0.000000e+00	350.00	30
oligos_8nt_mkv6_m5	-2.0	1436	20379198	36790	1.802022e-03	9.066070e-04	18509.24	0.000000e+00	0.000000e+00	350.00	31
oligos_8nt_mkv6_m5	-1.9	1698	20380896	35092	1.718852e-03	8.951974e-04	18276.31	0.000000e+00	0.000000e+00	350.00	32
oligos_8nt_mkv6_m5	-1.8	834	20381730	34258	1.678002e-03	8.826654e-04	18020.45	0.000000e+00	0.000000e+00	350.00	33
oligos_8nt_mkv6_m5	-1.7	460	20382190	33798	1.655470e-03	8.740558e-04	17844.68	0.000000e+00	0.000000e+00	350.00	34
oligos_8nt_mkv6_m5	-1.6	751	20382941	33047	1.618685e-03	8.658759e-04	17677.68	0.000000e+00	0.000000e+00	350.00	35
oligos_8nt_mkv6_m5	-1.5	876	20383817	32171	1.575778e-03	8.580136e-04	17517.16	0.000000e+00	0.000000e+00	350.00	36
oligos_8nt_mkv6_m5	-1.4	266	20384083	31905	1.562749e-03	8.513761e-04	17381.65	0.000000e+00	0.000000e+00	350.00	37
oligos_8nt_mkv6_m5	-1.3	561	20384644	31344	1.535270e-03	8.450847e-04	17253.21	0.000000e+00	0.000000e+00	350.00	38
oligos_8nt_mkv6_m5	-1.2	431	20385075	30913	1.514159e-03	8.405580e-04	17160.79	0.000000e+00	0.000000e+00	350.00	39
oligos_8nt_mkv6_m5	-1.1	336	20385411	30577	1.497701e-03	8.353491e-04	17054.45	0.000000e+00	0.000000e+00	350.00	40
oligos_8nt_mkv6_m5	-1.0	263	20385674	30314	1.484819e-03	8.296583e-04	16938.26	0.000000e+00	0.000000e+00	350.00	41
oligos_8nt_mkv6_m5	-0.9	168	20385842	30146	1.476591e-03	8.194064e-04	16728.96	0.000000e+00	0.000000e+00	350.00	42
oligos_8nt_mkv6_m5	-0.8	343	20386185	29803	1.459790e-03	8.130184e-04	16598.54	0.000000e+00	0.000000e+00	350.00	43
oligos_8nt_mkv6_m5	-0.7	473	20386658	29330	1.436622e-03	8.042759e-04	16420.06	0.000000e+00	0.000000e+00	350.00	44
oligos_8nt_mkv6_m5	-0.6	322	20386980	29008	1.420850e-03	7.921077e-04	16171.63	0.000000e+00	0.000000e+00	350.00	45
oligos_8nt_mkv6_m5	-0.5	324	20387304	28684	1.404980e-03	7.797429e-04	15919.19	0.000000e+00	0.000000e+00	350.00	46
oligos_8nt_mkv6_m5	-0.4	319	20387623	28365	1.389355e-03	7.674531e-04	15668.28	0.000000e+00	0.000000e+00	350.00	47
oligos_8nt_mkv6_m5	-0.3	264	20387887	28101	1.376424e-03	7.626992e-04	15571.23	0.000000e+00	0.000000e+00	350.00	48
oligos_8nt_mkv6_m5	-0.2	314	20388201	27787	1.361044e-03	7.525666e-04	15364.36	0.000000e+00	0.000000e+00	350.00	49
oligos_8nt_mkv6_m5	-0.1	283	20388484	27504	1.347182e-03	7.449440e-04	15208.74	0.000000e+00	0.000000e+00	350.00	50
oligos_8nt_mkv6_m5	0.0	493	20388977	27011	1.323034e-03	7.337306e-04	14979.81	0.000000e+00	0.000000e+00	350.00	51
oligos_8nt_mkv6_m5	0.1	628	20389605	26383	1.292274e-03	7.225403e-04	14751.35	0.000000e+00	0.000000e+00	350.00	52
oligos_8nt_mkv6_m5	0.2	529	20390134	25854	1.266363e-03	7.009866e-04	14311.31	0.000000e+00	0.000000e+00	350.00	53
oligos_8nt_mkv6_m5	0.3	474	20390608	25380	1.243146e-03	6.813011e-04	13909.41	0.000000e+00	0.000000e+00	350.00	54
oligos_8nt_mkv6_m5	0.4	518	20391126	24862	1.217773e-03	6.564037e-04	13401.10	0.000000e+00	0.000000e+00	350.00	55
oligos_8nt_mkv6_m5	0.5	381	20391507	24481	1.199111e-03	6.291528e-04	12844.75	0.000000e+00	0.000000e+00	350.00	56
oligos_8nt_mkv6_m5	0.6	428	20391935	24053	1.178147e-03	6.106418e-04	12466.83	0.000000e+00	0.000000e+00	350.00	57
oligos_8nt_mkv6_m5	0.7	338	20392273	23715	1.161592e-03	5.899521e-04	12044.43	0.000000e+00	0.000000e+00	350.00	58
oligos_8nt_mkv6_m5	0.8	252	20392525	23463	1.149248e-03	5.712506e-04	11662.62	0.000000e+00	0.000000e+00	350.00	59
oligos_8nt_mkv6_m5	0.9	440	20392965	23023	1.127697e-03	5.509394e-04	11247.95	0.000000e+00	0.000000e+00	350.00	60
oligos_8nt_mkv6_m5	1.0	485	20393450	22538	1.103941e-03	5.294397e-04	10809.02	0.000000e+00	0.000000e+00	350.00	61
oligos_8nt_mkv6_m5	1.1	571	20394021	21967	1.075972e-03	5.133234e-04	10479.99	0.000000e+00	0.000000e+00	350.00	62
oligos_8nt_mkv6_m5	1.2	565	20394586	21402	1.048298e-03	4.872657e-04	9947.99	0.000000e+00	0.000000e+00	350.00	63
oligos_8nt_mkv6_m5	1.3	727	20395313	20675	1.012689e-03	4.587224e-04	9365.25	0.000000e+00	0.000000e+00	350.00	64
oligos_8nt_mkv6_m5	1.4	664	20395977	20011	9.801650e-04	4.325053e-04	8830.01	0.000000e+00	0.000000e+00	350.00	65
oligos_8nt_mkv6_m5	1.5	590	20396567	19421	9.512660e-04	4.056016e-04	8280.74	0.000000e+00	0.000000e+00	350.00	66
oligos_8nt_mkv6_m5	1.6	603	20397170	18818	9.217303e-04	3.804917e-04	7768.10	0.000000e+00	0.000000e+00	350.00	67
oligos_8nt_mkv6_m5	1.7	629	20397799	18189	8.909210e-04	3.541639e-04	7230.59	0.000000e+00	0.000000e+00	350.00	68
oligos_8nt_mkv6_m5	1.8	443	20398242	17746	8.692223e-04	3.318420e-04	6774.87	0.000000e+00	0.000000e+00	350.00	69
oligos_8nt_mkv6_m5	1.9	440	20398682	17306	8.476705e-04	3.101562e-04	6332.13	0.000000e+00	0.000000e+00	350.00	70
oligos_8nt_mkv6_m5	2.0	444	20399126	16862	8.259228e-04	2.876097e-04	5871.83	0.000000e+00	0.000000e+00	350.00	71
oligos_8nt_mkv6_m5	2.1	506	20399632	16356	8.011383e-04	2.707209e-04	5527.02	0.000000e+00	0.000000e+00	350.00	72
oligos_8nt_mkv6_m5	2.2	540	20400172	15816	7.746884e-04	2.542419e-04	5190.59	0.000000e+00	0.000000e+00	350.00	73
oligos_8nt_mkv6_m5	2.3	318	20400490	15498	7.591123e-04	2.345008e-04	4787.56	0.000000e+00	0.000000e+00	350.00	74
oligos_8nt_mkv6_m5	2.4	276	20400766	15222	7.455935e-04	2.191414e-04	4473.98	0.000000e+00	0.000000e+00	350.00	75
oligos_8nt_mkv6_m5	2.5	178	20400944	15044	7.368748e-04	2.051389e-04	4188.11	0.000000e+00	0.000000e+00	350.00	76
oligos_8nt_mkv6_m5	2.6	270	20401214	14774	7.236499e-04	1.938824e-04	3958.29	0.000000e+00	0.000000e+00	350.00	77
oligos_8nt_mkv6_m5	2.7	157	20401371	14617	7.159598e-04	1.861461e-04	3800.35	0.000000e+00	0.000000e+00	350.00	78
oligos_8nt_mkv6_m5	2.8	317	20401688	14300	7.004327e-04	1.799165e-04	3673.17	0.000000e+00	0.000000e+00	350.00	79
oligos_8nt_mkv6_m5	2.9	388	20402076	13912	6.814280e-04	1.736427e-04	3545.08	0.000000e+00	0.000000e+00	350.00	80
oligos_8nt_mkv6_m5	3.0	383	20402459	13529	6.626681e-04	1.657873e-04	3384.70	0.000000e+00	0.000000e+00	350.00	81
oligos_8nt_mkv6_m5	3.1	497	20402956	13032	6.383244e-04	1.560039e-04	3184.97	0.000000e+00	0.000000e+00	350.00	82
oligos_8nt_mkv6_m5	3.2	620	20403576	12412	6.079560e-04	1.450155e-04	2960.63	0.000000e+00	0.000000e+00	350.00	83
oligos_8nt_mkv6_m5	3.3	577	20404153	11835	5.796938e-04	1.340901e-04	2737.58	0.000000e+00	0.000000e+00	350.00	84
oligos_8nt_mkv6_m5	3.4	294	20404447	11541	5.652933e-04	1.236737e-04	2524.92	0.000000e+00	0.000000e+00	350.00	85
oligos_8nt_mkv6_m5	3.5	503	20404950	11038	5.406557e-04	1.125577e-04	2297.97	0.000000e+00	0.000000e+00	350.00	86
oligos_8nt_mkv6_m5	3.6	597	20405547	10441	5.114138e-04	1.051659e-04	2147.06	0.000000e+00	0.000000e+00	350.00	87
oligos_8nt_mkv6_m5	3.7	209	20405756	10232	5.011768e-04	9.749117e-05	1990.37	0.000000e+00	0.000000e+00	350.00	88
oligos_8nt_mkv6_m5	3.8	258	20406014	9974	4.885396e-04	9.273051e-05	1893.18	0.000000e+00	0.000000e+00	350.00	89
oligos_8nt_mkv6_m5	3.9	321	20406335	9653	4.728166e-04	8.892326e-05	1815.45	0.000000e+00	0.000000e+00	350.00	90
oligos_8nt_mkv6_m5	4.0	217	20406552	9436	4.621876e-04	8.511148e-05	1737.63	0.000000e+00	0.000000e+00	350.00	91
oligos_8nt_mkv6_m5	4.1	311	20406863	9125	4.469544e-04	8.202469e-05	1674.61	0.000000e+00	0.000000e+00	350.00	92
oligos_8nt_mkv6_m5	4.2	397	20407260	8728	4.275089e-04	7.890438e-05	1610.91	0.000000e+00	0.000000e+00	350.00	93
oligos_8nt_mkv6_m5	4.3	477	20407737	8251	4.041448e-04	7.585305e-05	1548.61	0.000000e+00	0.000000e+00	350.00	94
oligos_8nt_mkv6_m5	4.4	490	20408227	7761	3.801439e-04	7.266677e-05	1483.56	0.000000e+00	0.000000e+00	350.00	95
oligos_8nt_mkv6_m5	4.5	542	20408769	7219	3.535961e-04	6.929753e-05	1414.78	0.000000e+00	0.000000e+00	350.00	96
oligos_8nt_mkv6_m5	4.6	1042	20409811	6177	3.025575e-04	6.668308e-05	1361.40	0.000000e+00	0.000000e+00	350.00	97
oligos_8nt_mkv6_m5	4.7	416	20410227	5761	2.821813e-04	6.458590e-05	1318.58	0.000000e+00	0.000000e+00	350.00	98
oligos_8nt_mkv6_m5	4.8	250	20410477	5511	2.699360e-04	6.118935e-05	1249.24	0.000000e+00	0.000000e+00	350.00	99
oligos_8nt_mkv6_m5	4.9	245	20410722	5266	2.579356e-04	5.918091e-05	1208.23	0.000000e+00	0.000000e+00	350.00	100
oligos_8nt_mkv6_m5	5.0	363	20411085	4903	2.401554e-04	5.808686e-05	1185.90	0.000000e+00	0.000000e+00	350.00	101
oligos_8nt_mkv6_m5	5.1	458	20411543	4445	2.177219e-04	5.693585e-05	1162.40	0.000000e+00	0.000000e+00	350.00	102
oligos_8nt_mkv6_m5	5.2	286	20411829	4159	2.037133e-04	5.555994e-05	1134.31	0.000000e+00	0.000000e+00	350.00	103
oligos_8nt_mkv6_m5	5.3	142	20411971	4017	1.967579e-04	5.521114e-05	1127.19	0.000000e+00	0.000000e+00	350.00	104
oligos_8nt_mkv6_m5	5.4	244	20412215	3773	1.848065e-04	5.440368e-05	1110.70	0.000000e+00	0.000000e+00	350.00	105
oligos_8nt_mkv6_m5	5.5	7	20412222	3766	1.844636e-04	5.391766e-05	1100.78	0.000000e+00	0.000000e+00	350.00	106
oligos_8nt_mkv6_m5	5.6	11	20412233	3755	1.839248e-04	5.349742e-05	1092.20	0.000000e+00	0.000000e+00	350.00	107
oligos_8nt_mkv6_m5	5.7	10	20412243	3745	1.834350e-04	5.310112e-05	1084.11	0.000000e+00	0.000000e+00	350.00	108
oligos_8nt_mkv6_m5	5.8	208	20412451	3537	1.732469e-04	5.270100e-05	1075.94	0.000000e+00	0.000000e+00	350.00	109
oligos_8nt_mkv6_m5	5.9	10	20412461	3527	1.727571e-04	5.210197e-05	1063.71	0.000000e+00	0.000000e+00	350.00	110
oligos_8nt_mkv6_m5	6.0	14	20412475	3513	1.720713e-04	5.189510e-05	1059.49	0.000000e+00	0.000000e+00	350.00	111
oligos_8nt_mkv6_m5	6.1	41	20412516	3472	1.700631e-04	5.131939e-05	1047.73	0.000000e+00	0.000000e+00	350.00	112
oligos_8nt_mkv6_m5	6.2	9	20412525	3463	1.696223e-04	5.060075e-05	1033.06	0.000000e+00	0.000000e+00	350.00	113
oligos_8nt_mkv6_m5	6.3	19	20412544	3444	1.686916e-04	5.030967e-05	1027.12	0.000000e+00	0.000000e+00	350.00	114
oligos_8nt_mkv6_m5	6.4	1	20412545	3443	1.686426e-04	4.981317e-05	1016.98	0.000000e+00	0.000000e+00	350.00	115
oligos_8nt_mkv6_m5	6.5	18	20412563	3425	1.677610e-04	4.974639e-05	1015.62	0.000000e+00	0.000000e+00	350.00	116
oligos_8nt_mkv6_m5	6.6	3	20412566	3422	1.676140e-04	4.950638e-05	1010.72	0.000000e+00	0.000000e+00	350.00	117
oligos_8nt_mkv6_m5	6.8	11	20412577	3411	1.670752e-04	4.938792e-05	1008.30	0.000000e+00	0.000000e+00	350.00	118
oligos_8nt_mkv6_m5	6.9	14	20412591	3397	1.663895e-04	4.930269e-05	1006.56	0.000000e+00	0.000000e+00	350.00	119
oligos_8nt_mkv6_m5	7.0	22	20412613	3375	1.653119e-04	4.901768e-05	1000.74	0.000000e+00	0.000000e+00	350.00	120
oligos_8nt_mkv6_m5	7.1	37	20412650	3338	1.634996e-04	4.869684e-05	994.19	0.000000e+00	0.000000e+00	350.00	121
oligos_8nt_mkv6_m5	7.2	53	20412703	3285	1.609036e-04	4.785159e-05	976.94	0.000000e+00	0.000000e+00	350.00	122
oligos_8nt_mkv6_m5	7.3	21	20412724	3264	1.598750e-04	4.695224e-05	958.57	0.000000e+00	0.000000e+00	350.00	123
oligos_8nt_mkv6_m5	7.4	44	20412768	3220	1.577198e-04	4.667187e-05	952.85	0.000000e+00	0.000000e+00	350.00	124
oligos_8nt_mkv6_m5	7.5	12	20412780	3208	1.571320e-04	4.639369e-05	947.17	0.000000e+00	0.000000e+00	350.00	125
oligos_8nt_mkv6_m5	7.6	31	20412811	3177	1.556136e-04	4.602343e-05	939.61	0.000000e+00	0.000000e+00	350.00	126
oligos_8nt_mkv6_m5	7.7	50	20412861	3127	1.531646e-04	4.590805e-05	937.26	0.000000e+00	0.000000e+00	350.00	127
oligos_8nt_mkv6_m5	7.8	27	20412888	3100	1.518421e-04	4.574845e-05	934.00	0.000000e+00	0.000000e+00	350.00	128
oligos_8nt_mkv6_m5	7.9	74	20412962	3026	1.482174e-04	4.549429e-05	928.81	0.000000e+00	0.000000e+00	350.00	129
oligos_8nt_mkv6_m5	8.0	127	20413089	2899	1.419968e-04	4.528549e-05	924.55	0.000000e+00	0.000000e+00	350.00	130
oligos_8nt_mkv6_m5	8.1	120	20413209	2779	1.361191e-04	4.468551e-05	912.30	0.000000e+00	0.000000e+00	350.00	131
oligos_8nt_mkv6_m5	8.2	194	20413403	2585	1.266167e-04	4.202270e-05	857.93	0.000000e+00	0.000000e+00	350.00	132
oligos_8nt_mkv6_m5	8.3	125	20413528	2460	1.204940e-04	4.130188e-05	843.22	0.000000e+00	0.000000e+00	350.00	133
oligos_8nt_mkv6_m5	8.4	147	20413675	2313	1.132938e-04	4.030396e-05	822.84	0.000000e+00	0.000000e+00	350.00	134
oligos_8nt_mkv6_m5	8.5	169	20413844	2144	1.050159e-04	3.875609e-05	791.24	0.000000e+00	0.000000e+00	350.00	135
oligos_8nt_mkv6_m5	8.6	53	20413897	2091	1.024199e-04	3.799728e-05	775.75	0.000000e+00	0.000000e+00	350.00	136
oligos_8nt_mkv6_m5	8.7	41	20413938	2050	1.004117e-04	3.778883e-05	771.49	2.077586e-317	3.594223e-315	314.44	137
oligos_8nt_mkv6_m5	8.8	48	20413986	2002	9.806058e-05	3.757624e-05	767.15	2.720435e-300	4.706353e-298	297.33	138
oligos_8nt_mkv6_m5	8.9	96	20414082	1906	9.335837e-05	3.747966e-05	765.18	1.453964e-262	2.515358e-260	259.60	139
oligos_8nt_mkv6_m5	9.0	45	20414127	1861	9.115422e-05	3.642190e-05	743.59	1.026093e-258	1.775141e-256	255.75	140
oligos_8nt_mkv6_m5	9.1	115	20414242	1746	8.552137e-05	3.454730e-05	705.32	6.681819e-238	1.155955e-235	234.94	141
oligos_8nt_mkv6_m5	9.2	106	20414348	1640	8.032935e-05	3.077703e-05	628.34	1.768438e-246	3.059397e-244	243.51	142
oligos_8nt_mkv6_m5	9.3	31	20414379	1609	7.881093e-05	2.813030e-05	574.31	4.500186e-273	7.785322e-271	270.11	143
oligos_8nt_mkv6_m5	9.4	58	20414437	1551	7.597001e-05	2.565100e-05	523.69	9.398905e-288	1.626011e-285	284.79	144
oligos_8nt_mkv6_m5	9.5	16	20414453	1535	7.518631e-05	2.394298e-05	488.82	4.773180e-311	8.257601e-309	308.08	145
oligos_8nt_mkv6_m5	9.6	27	20414480	1508	7.386381e-05	2.172133e-05	443.46	0.000000e+00	0.000000e+00	350.00	146
oligos_8nt_mkv6_m5	9.7	51	20414531	1457	7.136577e-05	2.134870e-05	435.85	9.387247e-323	1.623994e-320	319.79	147
oligos_8nt_mkv6_m5	9.8	30	20414561	1427	6.989633e-05	2.092071e-05	427.12	6.878148e-316	1.189920e-313	312.92	148
oligos_8nt_mkv6_m5	9.9	62	20414623	1365	6.685949e-05	1.925651e-05	393.14	2.212984e-318	3.828463e-316	315.42	149
oligos_8nt_mkv6_m5	10.0	128	20414751	1237	6.058988e-05	1.847865e-05	377.26	4.241904e-267	7.338493e-265	264.13	150
oligos_8nt_mkv6_m5	10.1	109	20414860	1128	5.525092e-05	1.551271e-05	316.71	1.938620e-272	3.353812e-270	269.47	151
oligos_8nt_mkv6_m5	10.2	181	20415041	947	4.638530e-05	1.405701e-05	286.99	7.888510e-207	1.364712e-204	203.86	152
oligos_8nt_mkv6_m5	10.3	125	20415166	822	4.026264e-05	1.162189e-05	237.27	4.566221e-192	7.899562e-190	189.10	153
oligos_8nt_mkv6_m5	10.4	119	20415285	703	3.443386e-05	9.842368e-06	200.94	1.023159e-166	1.770066e-164	163.75	154
oligos_8nt_mkv6_m5	10.5	188	20415473	515	2.522537e-05	7.292956e-06	148.89	6.896240e-121	1.193049e-118	117.92	155
oligos_8nt_mkv6_m5	10.6	94	20415567	421	2.062113e-05	5.953776e-06	121.55	2.217226e-99	3.835802e-97	96.42	156
oligos_8nt_mkv6_m5	10.7	27	20415594	394	1.929864e-05	4.450674e-06	90.86	1.116311e-121	1.931219e-119	118.71	157
oligos_8nt_mkv6_m5	10.8	50	20415644	344	1.684957e-05	3.499053e-06	71.44	9.498961e-119	1.643320e-116	115.78	158
oligos_8nt_mkv6_m5	10.9	102	20415746	242	1.185348e-05	3.044617e-06	62.16	6.093972e-67	1.054257e-64	63.98	159
oligos_8nt_mkv6_m5	11.0	11	20415757	231	1.131468e-05	2.410578e-06	49.21	2.234398e-78	3.865509e-76	75.41	160
oligos_8nt_mkv6_m5	11.1	74	20415831	157	7.690065e-06	1.602229e-06	32.71	4.284330e-55	7.411891e-53	52.13	161
oligos_8nt_mkv6_m5	11.2	42	20415873	115	5.632851e-06	1.196522e-06	24.43	4.311226e-40	7.458421e-38	37.13	162
oligos_8nt_mkv6_m5	11.3	28	20415901	87	4.261374e-06	9.407390e-07	19.21	1.261144e-29	2.181780e-27	26.66	163
oligos_8nt_mkv6_m5	11.4	3	20415904	84	4.114430e-06	7.138315e-07	14.57	9.360744e-36	1.619409e-33	32.79	164
oligos_8nt_mkv6_m5	11.5	2	20415906	82	4.016467e-06	6.554495e-07	13.38	9.146406e-37	1.582328e-34	33.80	165
oligos_8nt_mkv6_m5	11.7	44	20415950	38	1.861290e-06	5.932942e-07	12.11	2.205697e-09	3.815856e-07	6.42	166
oligos_8nt_mkv6_m5	11.8	6	20415956	32	1.567402e-06	4.384884e-07	8.95	1.947109e-09	3.368498e-07	6.47	167
oligos_8nt_mkv6_m5	11.9	9	20415965	23	1.126570e-06	3.801456e-07	7.76	7.097296e-06	1.227832e-03	2.91	168
oligos_8nt_mkv6_m5	12.0	12	20415977	11	5.387944e-07	3.101500e-07	6.33	5.788973e-02	1.001492e+01	-1.00	169
oligos_8nt_mkv6_m5	12.1	4	20415981	7	3.428692e-07	1.389329e-07	2.84	2.592507e-02	4.485038e+00	-0.65	170
oligos_8nt_mkv6_m5	12.3	4	20415985	3	1.469439e-07	7.275653e-08	1.49	1.874957e-01	3.243675e+01	-1.51	171
oligos_8nt_mkv6_m5	12.4	1	20415986	2	9.796262e-08	7.275653e-08	1.49	4.372741e-01	7.564842e+01	-1.88	172
oligos_8nt_mkv6_m5	12.7	2	20415988	0	0.000000e+00	2.751019e-08	0.56	1.000000e+00	1.730000e+02	-2.24	173
; Number of sequences scanned	43038
; Sum of sequence lengths	10681503
; N residues           	63
; Matches per matrix
;	matrix	name              	matches	scored
;	1	oligos_8nt_mkv6_m5	20415951	20415951
;		TOTAL          	20415951	20415951
; Host name	rsat
; Job started	2014-09-03.191935
; Job done	2014-09-03.191948
; Seconds	6.36
;	user	6.36
;	system	0.04
;	cuser	0.57
;	csystem	0.02
