; matrix-scan  -v 1 -quick -seq_format fasta -i $RSAT/public_html/tmp/wwwrun/2014/09/03/peak-motifs.2014-09-03.094519_2014-09-03.094519_gM9GBj/data/sequences/peak-motifs_test_maxlen1000.fasta -matrix_format transfac -m $RSAT/public_html/tmp/wwwrun/2014/09/03/peak-motifs.2014-09-03.094519_2014-09-03.094519_gM9GBj/results/discovered_motifs/positions_6nt_m2/peak-motifs_positions_6nt_m2.tf -pseudo 1 -2str -decimals 1 -bg_pseudo 0.01 -n score -lth score -5 -bginput -markov 1 -return distrib -return occ_proba -o $RSAT/public_html/tmp/wwwrun/2014/09/03/peak-motifs.2014-09-03.094519_2014-09-03.094519_gM9GBj/results/discovered_motifs/positions_6nt_m2/peak-motifs_positions_6nt_m2_scan_mkv1_enrichment.tab
; Quick counting mode          
; Input files
;	input	/home/rsat/rsat/public_html/tmp/wwwrun/2014/09/03/peak-motifs.2014-09-03.094519_2014-09-03.094519_gM9GBj/data/sequences/peak-motifs_test_maxlen1000.fasta
; Matrix files
;	matrix 1	/home/rsat/rsat/public_html/tmp/wwwrun/2014/09/03/peak-motifs.2014-09-03.094519_2014-09-03.094519_gM9GBj/results/discovered_motifs/positions_6nt_m2/peak-motifs_positions_6nt_m2.tf
; Sequence format      	fasta
; Output files
;	output	/home/rsat/rsat/public_html/tmp/wwwrun/2014/09/03/peak-motifs.2014-09-03.094519_2014-09-03.094519_gM9GBj/results/discovered_motifs/positions_6nt_m2/peak-motifs_positions_6nt_m2_scan_mkv1_enrichment.tab
; Pseudo counts        	1
; Background model
;	Method        	input
;	Markov order  	1
;	Strand        	undef
;	Background pseudo-frequency	0.01
;	Residue probabilities
;		a	0.28684
;		c	0.21288
;		g	0.21268
;		t	0.28760
; Thresholds	lower	upper
;	score 	-5   	NA
;
; Matrices
;	matrix	name            	ncol	nrow	pseudo	Wmin	Wmax	Wrange
;	1	positions_6nt_m2	15	4	1	-44.800	14.900	59.700	a:0.287 c:0.213 g:0.213 t:0.288 
;
; Score distribution
#matrix	score	occ	occ_cum	inv_cum	inv_cum_freq	occ_prior	exp_occ	occ_Pval	occ_Eval	occ_sig	occ_sig_rank
positions_6nt_m2	-5.0	8778	20471510	324332	1.559600e-02	1.376005e-02	286151.79	0.000000e+00	0.000000e+00	350.00	1
positions_6nt_m2	-4.9	8670	20480180	315662	1.517909e-02	1.326927e-02	275945.72	0.000000e+00	0.000000e+00	350.00	2
positions_6nt_m2	-4.8	8443	20488623	307219	1.477310e-02	1.287797e-02	267808.25	0.000000e+00	0.000000e+00	350.00	3
positions_6nt_m2	-4.7	8149	20496772	299070	1.438124e-02	1.241345e-02	258148.04	0.000000e+00	0.000000e+00	350.00	4
positions_6nt_m2	-4.6	8166	20504938	290904	1.398857e-02	1.200556e-02	249665.82	0.000000e+00	0.000000e+00	350.00	5
positions_6nt_m2	-4.5	7863	20512801	283041	1.361046e-02	1.164511e-02	242169.87	0.000000e+00	0.000000e+00	350.00	6
positions_6nt_m2	-4.4	7646	20520447	275395	1.324279e-02	1.121661e-02	233258.80	0.000000e+00	0.000000e+00	350.00	7
positions_6nt_m2	-4.3	7162	20527609	268233	1.289840e-02	1.087638e-02	226183.37	0.000000e+00	0.000000e+00	350.00	8
positions_6nt_m2	-4.2	7142	20534751	261091	1.255496e-02	1.051021e-02	218568.59	0.000000e+00	0.000000e+00	350.00	9
positions_6nt_m2	-4.1	6817	20541568	254274	1.222716e-02	1.011844e-02	210421.57	0.000000e+00	0.000000e+00	350.00	10
positions_6nt_m2	-4.0	6900	20548468	247374	1.189536e-02	9.807621e-03	203957.72	0.000000e+00	0.000000e+00	350.00	11
positions_6nt_m2	-3.9	6442	20554910	240932	1.158559e-02	9.440546e-03	196324.08	0.000000e+00	0.000000e+00	350.00	12
positions_6nt_m2	-3.8	6322	20561232	234610	1.128158e-02	9.114549e-03	189544.71	0.000000e+00	0.000000e+00	350.00	13
positions_6nt_m2	-3.7	6492	20567724	228118	1.096940e-02	8.798275e-03	182967.52	0.000000e+00	0.000000e+00	350.00	14
positions_6nt_m2	-3.6	5922	20573646	222196	1.068464e-02	8.521992e-03	177222.00	0.000000e+00	0.000000e+00	350.00	15
positions_6nt_m2	-3.5	5860	20579506	216336	1.040285e-02	8.225125e-03	171048.38	0.000000e+00	0.000000e+00	350.00	16
positions_6nt_m2	-3.4	5738	20585244	210598	1.012693e-02	7.908515e-03	164464.22	0.000000e+00	0.000000e+00	350.00	17
positions_6nt_m2	-3.3	5552	20590796	205046	9.859952e-03	7.628549e-03	158642.09	0.000000e+00	0.000000e+00	350.00	18
positions_6nt_m2	-3.2	5389	20596185	199657	9.600814e-03	7.384516e-03	153567.22	0.000000e+00	0.000000e+00	350.00	19
positions_6nt_m2	-3.1	5184	20601369	194473	9.351533e-03	7.121631e-03	148100.31	0.000000e+00	0.000000e+00	350.00	20
positions_6nt_m2	-3.0	5159	20606528	189314	9.103455e-03	6.865711e-03	142778.24	0.000000e+00	0.000000e+00	350.00	21
positions_6nt_m2	-2.9	4967	20611495	184347	8.864609e-03	6.593609e-03	137119.65	0.000000e+00	0.000000e+00	350.00	22
positions_6nt_m2	-2.8	4767	20616262	179580	8.635381e-03	6.354855e-03	132154.55	0.000000e+00	0.000000e+00	350.00	23
positions_6nt_m2	-2.7	4734	20620996	174846	8.407739e-03	6.123291e-03	127338.99	0.000000e+00	0.000000e+00	350.00	24
positions_6nt_m2	-2.6	4667	20625663	170179	8.183319e-03	5.919524e-03	123101.47	0.000000e+00	0.000000e+00	350.00	25
positions_6nt_m2	-2.5	4567	20630230	165612	7.963708e-03	5.701825e-03	118574.25	0.000000e+00	0.000000e+00	350.00	26
positions_6nt_m2	-2.4	4411	20634641	161201	7.751598e-03	5.469687e-03	113746.73	0.000000e+00	0.000000e+00	350.00	27
positions_6nt_m2	-2.3	4222	20638863	156979	7.548577e-03	5.265800e-03	109506.75	0.000000e+00	0.000000e+00	350.00	28
positions_6nt_m2	-2.2	4306	20643169	152673	7.341516e-03	5.085695e-03	105761.31	0.000000e+00	0.000000e+00	350.00	29
positions_6nt_m2	-2.1	4040	20647209	148633	7.147246e-03	4.892190e-03	101737.21	0.000000e+00	0.000000e+00	350.00	30
positions_6nt_m2	-2.0	4015	20651224	144618	6.954179e-03	4.705681e-03	97858.60	0.000000e+00	0.000000e+00	350.00	31
positions_6nt_m2	-1.9	3921	20655145	140697	6.765632e-03	4.525198e-03	94105.31	0.000000e+00	0.000000e+00	350.00	32
positions_6nt_m2	-1.8	3921	20659066	136776	6.577084e-03	4.331268e-03	90072.36	0.000000e+00	0.000000e+00	350.00	33
positions_6nt_m2	-1.7	3737	20662803	133039	6.397385e-03	4.162152e-03	86555.46	0.000000e+00	0.000000e+00	350.00	34
positions_6nt_m2	-1.6	3714	20666517	129325	6.218792e-03	4.015466e-03	83504.99	0.000000e+00	0.000000e+00	350.00	35
positions_6nt_m2	-1.5	3603	20670120	125722	6.045536e-03	3.841208e-03	79881.15	0.000000e+00	0.000000e+00	350.00	36
positions_6nt_m2	-1.4	3409	20673529	122313	5.881609e-03	3.703044e-03	77007.91	0.000000e+00	0.000000e+00	350.00	37
positions_6nt_m2	-1.3	3468	20676997	118845	5.714845e-03	3.541248e-03	73643.22	0.000000e+00	0.000000e+00	350.00	38
positions_6nt_m2	-1.2	3297	20680294	115548	5.556303e-03	3.414132e-03	70999.74	0.000000e+00	0.000000e+00	350.00	39
positions_6nt_m2	-1.1	3327	20683621	112221	5.396319e-03	3.275958e-03	68126.30	0.000000e+00	0.000000e+00	350.00	40
positions_6nt_m2	-1.0	3016	20686637	109205	5.251290e-03	3.130008e-03	65091.14	0.000000e+00	0.000000e+00	350.00	41
positions_6nt_m2	-0.9	2961	20689598	106244	5.108906e-03	3.016306e-03	62726.61	0.000000e+00	0.000000e+00	350.00	42
positions_6nt_m2	-0.8	2871	20692469	103373	4.970850e-03	2.893172e-03	60165.95	0.000000e+00	0.000000e+00	350.00	43
positions_6nt_m2	-0.7	2781	20695250	100592	4.837121e-03	2.762473e-03	57447.95	0.000000e+00	0.000000e+00	350.00	44
positions_6nt_m2	-0.6	2687	20697937	97905	4.707913e-03	2.647285e-03	55052.53	0.000000e+00	0.000000e+00	350.00	45
positions_6nt_m2	-0.5	2754	20700691	95151	4.575482e-03	2.537041e-03	52759.90	0.000000e+00	0.000000e+00	350.00	46
positions_6nt_m2	-0.4	2597	20703288	92554	4.450601e-03	2.431304e-03	50561.02	0.000000e+00	0.000000e+00	350.00	47
positions_6nt_m2	-0.3	2552	20705840	90002	4.327885e-03	2.338280e-03	48626.50	0.000000e+00	0.000000e+00	350.00	48
positions_6nt_m2	-0.2	2401	20708241	87601	4.212429e-03	2.239317e-03	46568.48	0.000000e+00	0.000000e+00	350.00	49
positions_6nt_m2	-0.1	2388	20710629	85213	4.097598e-03	2.144488e-03	44596.42	0.000000e+00	0.000000e+00	350.00	50
positions_6nt_m2	0.0	2459	20713088	82754	3.979353e-03	2.044009e-03	42506.88	0.000000e+00	0.000000e+00	350.00	51
positions_6nt_m2	0.1	2233	20715321	80521	3.871976e-03	1.964502e-03	40853.47	0.000000e+00	0.000000e+00	350.00	52
positions_6nt_m2	0.2	2221	20717542	78300	3.765176e-03	1.872178e-03	38933.52	0.000000e+00	0.000000e+00	350.00	53
positions_6nt_m2	0.3	2209	20719751	76091	3.658953e-03	1.791799e-03	37261.97	0.000000e+00	0.000000e+00	350.00	54
positions_6nt_m2	0.4	2059	20721810	74032	3.559943e-03	1.714096e-03	35646.06	0.000000e+00	0.000000e+00	350.00	55
positions_6nt_m2	0.5	2052	20723862	71980	3.461269e-03	1.646461e-03	34239.54	0.000000e+00	0.000000e+00	350.00	56
positions_6nt_m2	0.6	1858	20725720	70122	3.371924e-03	1.574572e-03	32744.55	0.000000e+00	0.000000e+00	350.00	57
positions_6nt_m2	0.7	1925	20727645	68197	3.279358e-03	1.505562e-03	31309.43	0.000000e+00	0.000000e+00	350.00	58
positions_6nt_m2	0.8	1767	20729412	66430	3.194389e-03	1.438464e-03	29914.07	0.000000e+00	0.000000e+00	350.00	59
positions_6nt_m2	0.9	1763	20731175	64667	3.109612e-03	1.367311e-03	28434.39	0.000000e+00	0.000000e+00	350.00	60
positions_6nt_m2	1.0	1792	20732967	62875	3.023441e-03	1.306090e-03	27161.24	0.000000e+00	0.000000e+00	350.00	61
positions_6nt_m2	1.1	1718	20734685	61157	2.940828e-03	1.252435e-03	26045.44	0.000000e+00	0.000000e+00	350.00	62
positions_6nt_m2	1.2	1699	20736384	59458	2.859129e-03	1.189271e-03	24731.89	0.000000e+00	0.000000e+00	350.00	63
positions_6nt_m2	1.3	1706	20738090	57752	2.777094e-03	1.134174e-03	23586.09	0.000000e+00	0.000000e+00	350.00	64
positions_6nt_m2	1.4	1641	20739731	56111	2.698184e-03	1.086882e-03	22602.63	0.000000e+00	0.000000e+00	350.00	65
positions_6nt_m2	1.5	1585	20741316	54526	2.621967e-03	1.030766e-03	21435.64	0.000000e+00	0.000000e+00	350.00	66
positions_6nt_m2	1.6	1516	20742832	53010	2.549067e-03	9.867912e-04	20521.15	0.000000e+00	0.000000e+00	350.00	67
positions_6nt_m2	1.7	1650	20744482	51360	2.469725e-03	9.353363e-04	19451.10	0.000000e+00	0.000000e+00	350.00	68
positions_6nt_m2	1.8	1553	20746035	49807	2.395046e-03	8.950578e-04	18613.48	0.000000e+00	0.000000e+00	350.00	69
positions_6nt_m2	1.9	1535	20747570	48272	2.321233e-03	8.523252e-04	17724.82	0.000000e+00	0.000000e+00	350.00	70
positions_6nt_m2	2.0	1485	20749055	46787	2.249825e-03	8.066253e-04	16774.45	0.000000e+00	0.000000e+00	350.00	71
positions_6nt_m2	2.1	1549	20750604	45238	2.175339e-03	7.674215e-04	15959.18	0.000000e+00	0.000000e+00	350.00	72
positions_6nt_m2	2.2	1519	20752123	43719	2.102295e-03	7.301388e-04	15183.85	0.000000e+00	0.000000e+00	350.00	73
positions_6nt_m2	2.3	1516	20753639	42203	2.029396e-03	6.938824e-04	14429.87	0.000000e+00	0.000000e+00	350.00	74
positions_6nt_m2	2.4	1462	20755101	40741	1.959094e-03	6.628348e-04	13784.21	0.000000e+00	0.000000e+00	350.00	75
positions_6nt_m2	2.5	1457	20756558	39284	1.889032e-03	6.293889e-04	13088.67	0.000000e+00	0.000000e+00	350.00	76
positions_6nt_m2	2.6	1329	20757887	37955	1.825125e-03	5.948977e-04	12371.40	0.000000e+00	0.000000e+00	350.00	77
positions_6nt_m2	2.7	1350	20759237	36605	1.760208e-03	5.648145e-04	11745.79	0.000000e+00	0.000000e+00	350.00	78
positions_6nt_m2	2.8	1291	20760528	35314	1.698128e-03	5.388254e-04	11205.33	0.000000e+00	0.000000e+00	350.00	79
positions_6nt_m2	2.9	1336	20761864	33978	1.633884e-03	5.118816e-04	10645.01	0.000000e+00	0.000000e+00	350.00	80
positions_6nt_m2	3.0	1318	20763182	32660	1.570506e-03	4.858336e-04	10103.32	0.000000e+00	0.000000e+00	350.00	81
positions_6nt_m2	3.1	1129	20764311	31531	1.516217e-03	4.582682e-04	9530.07	0.000000e+00	0.000000e+00	350.00	82
positions_6nt_m2	3.2	1124	20765435	30407	1.462167e-03	4.347309e-04	9040.60	0.000000e+00	0.000000e+00	350.00	83
positions_6nt_m2	3.3	1110	20766545	29297	1.408791e-03	4.127745e-04	8583.99	0.000000e+00	0.000000e+00	350.00	84
positions_6nt_m2	3.4	1094	20767639	28203	1.356185e-03	3.938892e-04	8191.26	0.000000e+00	0.000000e+00	350.00	85
positions_6nt_m2	3.5	1132	20768771	27071	1.301751e-03	3.732345e-04	7761.73	0.000000e+00	0.000000e+00	350.00	86
positions_6nt_m2	3.6	975	20769746	26096	1.254866e-03	3.516043e-04	7311.91	0.000000e+00	0.000000e+00	350.00	87
positions_6nt_m2	3.7	938	20770684	25158	1.209761e-03	3.331696e-04	6928.54	0.000000e+00	0.000000e+00	350.00	88
positions_6nt_m2	3.8	900	20771584	24258	1.166483e-03	3.170250e-04	6592.80	0.000000e+00	0.000000e+00	350.00	89
positions_6nt_m2	3.9	841	20772425	23417	1.126042e-03	2.997359e-04	6233.26	0.000000e+00	0.000000e+00	350.00	90
positions_6nt_m2	4.0	772	20773197	22645	1.088920e-03	2.833852e-04	5893.23	0.000000e+00	0.000000e+00	350.00	91
positions_6nt_m2	4.1	752	20773949	21893	1.052759e-03	2.663366e-04	5538.69	0.000000e+00	0.000000e+00	350.00	92
positions_6nt_m2	4.2	788	20774737	21105	1.014866e-03	2.525349e-04	5251.68	0.000000e+00	0.000000e+00	350.00	93
positions_6nt_m2	4.3	646	20775383	20459	9.838025e-04	2.369489e-04	4927.55	0.000000e+00	0.000000e+00	350.00	94
positions_6nt_m2	4.4	653	20776036	19806	9.524020e-04	2.237070e-04	4652.18	0.000000e+00	0.000000e+00	350.00	95
positions_6nt_m2	4.5	617	20776653	19189	9.227326e-04	2.123543e-04	4416.09	0.000000e+00	0.000000e+00	350.00	96
positions_6nt_m2	4.6	601	20777254	18588	8.938326e-04	1.988350e-04	4134.94	0.000000e+00	0.000000e+00	350.00	97
positions_6nt_m2	4.7	630	20777884	17958	8.635381e-04	1.885242e-04	3920.52	0.000000e+00	0.000000e+00	350.00	98
positions_6nt_m2	4.8	624	20778508	17334	8.335321e-04	1.777293e-04	3696.03	0.000000e+00	0.000000e+00	350.00	99
positions_6nt_m2	4.9	626	20779134	16708	8.034299e-04	1.667495e-04	3467.70	0.000000e+00	0.000000e+00	350.00	100
positions_6nt_m2	5.0	578	20779712	16130	7.756359e-04	1.578990e-04	3283.64	0.000000e+00	0.000000e+00	350.00	101
positions_6nt_m2	5.1	601	20780313	15529	7.467358e-04	1.480565e-04	3078.96	0.000000e+00	0.000000e+00	350.00	102
positions_6nt_m2	5.2	526	20780839	15003	7.214423e-04	1.401229e-04	2913.97	0.000000e+00	0.000000e+00	350.00	103
positions_6nt_m2	5.3	496	20781335	14507	6.975914e-04	1.311700e-04	2727.79	0.000000e+00	0.000000e+00	350.00	104
positions_6nt_m2	5.4	544	20781879	13963	6.714323e-04	1.233838e-04	2565.87	0.000000e+00	0.000000e+00	350.00	105
positions_6nt_m2	5.5	578	20782457	13385	6.436383e-04	1.168876e-04	2430.78	0.000000e+00	0.000000e+00	350.00	106
positions_6nt_m2	5.6	539	20782996	12846	6.177197e-04	1.092653e-04	2272.26	0.000000e+00	0.000000e+00	350.00	107
positions_6nt_m2	5.7	507	20783503	12339	5.933398e-04	1.033839e-04	2149.96	0.000000e+00	0.000000e+00	350.00	108
positions_6nt_m2	5.8	531	20784034	11808	5.678058e-04	9.698695e-05	2016.93	0.000000e+00	0.000000e+00	350.00	109
positions_6nt_m2	5.9	585	20784619	11223	5.396752e-04	9.069199e-05	1886.02	0.000000e+00	0.000000e+00	350.00	110
positions_6nt_m2	6.0	499	20785118	10724	5.156800e-04	8.577777e-05	1783.82	0.000000e+00	0.000000e+00	350.00	111
positions_6nt_m2	6.1	497	20785615	10227	4.917810e-04	8.018008e-05	1667.41	0.000000e+00	0.000000e+00	350.00	112
positions_6nt_m2	6.2	528	20786143	9699	4.663913e-04	7.568679e-05	1573.97	0.000000e+00	0.000000e+00	350.00	113
positions_6nt_m2	6.3	519	20786662	9180	4.414344e-04	7.071886e-05	1470.66	0.000000e+00	0.000000e+00	350.00	114
positions_6nt_m2	6.4	525	20787187	8655	4.161890e-04	6.638082e-05	1380.45	0.000000e+00	0.000000e+00	350.00	115
positions_6nt_m2	6.5	463	20787650	8192	3.939249e-04	6.272391e-05	1304.40	0.000000e+00	0.000000e+00	350.00	116
positions_6nt_m2	6.6	482	20788132	7710	3.707472e-04	5.843995e-05	1215.31	0.000000e+00	0.000000e+00	350.00	117
positions_6nt_m2	6.7	427	20788559	7283	3.502143e-04	5.526387e-05	1149.26	0.000000e+00	0.000000e+00	350.00	118
positions_6nt_m2	6.8	402	20788961	6881	3.308835e-04	5.174322e-05	1076.04	0.000000e+00	0.000000e+00	350.00	119
positions_6nt_m2	6.9	399	20789360	6482	3.116969e-04	4.790842e-05	996.30	0.000000e+00	0.000000e+00	350.00	120
positions_6nt_m2	7.0	372	20789732	6110	2.938087e-04	4.504756e-05	936.80	0.000000e+00	0.000000e+00	350.00	121
positions_6nt_m2	7.1	364	20790096	5746	2.763052e-04	4.193799e-05	872.14	0.000000e+00	0.000000e+00	350.00	122
positions_6nt_m2	7.2	262	20790358	5484	2.637066e-04	3.939358e-05	819.22	0.000000e+00	0.000000e+00	350.00	123
positions_6nt_m2	7.3	260	20790618	5224	2.512041e-04	3.632882e-05	755.49	0.000000e+00	0.000000e+00	350.00	124
positions_6nt_m2	7.4	203	20790821	5021	2.414425e-04	3.372492e-05	701.34	0.000000e+00	0.000000e+00	350.00	125
positions_6nt_m2	7.5	240	20791061	4781	2.299017e-04	3.167396e-05	658.69	0.000000e+00	0.000000e+00	350.00	126
positions_6nt_m2	7.6	236	20791297	4545	2.185533e-04	2.916045e-05	606.42	0.000000e+00	0.000000e+00	350.00	127
positions_6nt_m2	7.7	220	20791517	4325	2.079743e-04	2.730827e-05	567.90	0.000000e+00	0.000000e+00	350.00	128
positions_6nt_m2	7.8	204	20791721	4121	1.981646e-04	2.530424e-05	526.22	0.000000e+00	0.000000e+00	350.00	129
positions_6nt_m2	7.9	180	20791901	3941	1.895090e-04	2.331773e-05	484.91	0.000000e+00	0.000000e+00	350.00	130
positions_6nt_m2	8.0	169	20792070	3772	1.813824e-04	2.164601e-05	450.15	0.000000e+00	0.000000e+00	350.00	131
positions_6nt_m2	8.1	138	20792208	3634	1.747465e-04	2.000005e-05	415.92	0.000000e+00	0.000000e+00	350.00	132
positions_6nt_m2	8.2	176	20792384	3458	1.662832e-04	1.853303e-05	385.41	0.000000e+00	0.000000e+00	350.00	133
positions_6nt_m2	8.3	162	20792546	3296	1.584932e-04	1.695401e-05	352.57	0.000000e+00	0.000000e+00	350.00	134
positions_6nt_m2	8.4	148	20792694	3148	1.513764e-04	1.559323e-05	324.27	0.000000e+00	0.000000e+00	350.00	135
positions_6nt_m2	8.5	135	20792829	3013	1.448847e-04	1.433411e-05	298.09	0.000000e+00	0.000000e+00	350.00	136
positions_6nt_m2	8.6	147	20792976	2866	1.378160e-04	1.332245e-05	277.05	0.000000e+00	0.000000e+00	350.00	137
positions_6nt_m2	8.7	137	20793113	2729	1.312282e-04	1.231925e-05	256.19	0.000000e+00	0.000000e+00	350.00	138
positions_6nt_m2	8.8	155	20793268	2574	1.237747e-04	1.136478e-05	236.34	0.000000e+00	0.000000e+00	350.00	139
positions_6nt_m2	8.9	132	20793400	2442	1.174273e-04	1.045960e-05	217.52	0.000000e+00	0.000000e+00	350.00	140
positions_6nt_m2	9.0	132	20793532	2310	1.110799e-04	9.688879e-06	201.49	0.000000e+00	0.000000e+00	350.00	141
positions_6nt_m2	9.1	121	20793653	2189	1.052614e-04	9.068494e-06	188.59	0.000000e+00	0.000000e+00	350.00	142
positions_6nt_m2	9.2	108	20793761	2081	1.000681e-04	8.450696e-06	175.74	0.000000e+00	0.000000e+00	350.00	143
positions_6nt_m2	9.3	100	20793861	1981	9.525943e-05	7.870252e-06	163.67	0.000000e+00	0.000000e+00	350.00	144
positions_6nt_m2	9.4	129	20793990	1852	8.905627e-05	7.342410e-06	152.69	0.000000e+00	0.000000e+00	350.00	145
positions_6nt_m2	9.5	93	20794083	1759	8.458422e-05	6.844219e-06	142.33	0.000000e+00	0.000000e+00	350.00	146
positions_6nt_m2	9.6	111	20794194	1648	7.924661e-05	6.409576e-06	133.29	0.000000e+00	0.000000e+00	350.00	147
positions_6nt_m2	9.7	103	20794297	1545	7.429370e-05	5.989298e-06	124.55	0.000000e+00	0.000000e+00	350.00	148
positions_6nt_m2	9.8	96	20794393	1449	6.967739e-05	5.551803e-06	115.45	0.000000e+00	0.000000e+00	350.00	149
positions_6nt_m2	9.9	118	20794511	1331	6.400318e-05	5.131249e-06	106.71	0.000000e+00	0.000000e+00	350.00	150
positions_6nt_m2	10.0	131	20794642	1200	5.770385e-05	4.731408e-06	98.39	0.000000e+00	0.000000e+00	350.00	151
positions_6nt_m2	10.1	89	20794731	1111	5.342414e-05	4.405714e-06	91.62	0.000000e+00	0.000000e+00	350.00	152
positions_6nt_m2	10.2	103	20794834	1008	4.847123e-05	4.065930e-06	84.55	0.000000e+00	0.000000e+00	350.00	153
positions_6nt_m2	10.3	87	20794921	921	4.428770e-05	3.705982e-06	77.07	0.000000e+00	0.000000e+00	350.00	154
positions_6nt_m2	10.4	71	20794992	850	4.087356e-05	3.408657e-06	70.89	0.000000e+00	0.000000e+00	350.00	155
positions_6nt_m2	10.5	83	20795075	767	3.688237e-05	3.133192e-06	65.16	0.000000e+00	0.000000e+00	350.00	156
positions_6nt_m2	10.6	61	20795136	706	3.394910e-05	2.900315e-06	60.31	0.000000e+00	0.000000e+00	350.00	157
positions_6nt_m2	10.7	38	20795174	668	3.212181e-05	2.647301e-06	55.05	0.000000e+00	0.000000e+00	350.00	158
positions_6nt_m2	10.8	38	20795212	630	3.029452e-05	2.431665e-06	50.57	0.000000e+00	0.000000e+00	350.00	159
positions_6nt_m2	10.9	20	20795232	610	2.933279e-05	2.227881e-06	46.33	0.000000e+00	0.000000e+00	350.00	160
positions_6nt_m2	11.0	34	20795266	576	2.769785e-05	2.043136e-06	42.49	0.000000e+00	0.000000e+00	350.00	161
positions_6nt_m2	11.1	23	20795289	553	2.659186e-05	1.887927e-06	39.26	0.000000e+00	0.000000e+00	350.00	162
positions_6nt_m2	11.2	29	20795318	524	2.519735e-05	1.724468e-06	35.86	0.000000e+00	0.000000e+00	350.00	163
positions_6nt_m2	11.3	34	20795352	490	2.356240e-05	1.550119e-06	32.24	0.000000e+00	0.000000e+00	350.00	164
positions_6nt_m2	11.4	29	20795381	461	2.216789e-05	1.396427e-06	29.04	0.000000e+00	0.000000e+00	350.00	165
positions_6nt_m2	11.5	27	20795408	434	2.086956e-05	1.255396e-06	26.11	0.000000e+00	0.000000e+00	350.00	166
positions_6nt_m2	11.6	31	20795439	403	1.937887e-05	1.133589e-06	23.57	0.000000e+00	0.000000e+00	350.00	167
positions_6nt_m2	11.7	33	20795472	370	1.779202e-05	1.005378e-06	20.91	1.690662e-312	3.533483e-310	309.45	168
positions_6nt_m2	11.8	26	20795498	344	1.654177e-05	8.775432e-07	18.25	1.315086e-299	2.748529e-297	296.56	169
positions_6nt_m2	11.9	21	20795519	323	1.553195e-05	7.564185e-07	15.73	7.700008e-293	1.609302e-290	289.79	170
positions_6nt_m2	12.0	21	20795540	302	1.452213e-05	6.712149e-07	13.96	1.795792e-280	3.753204e-278	277.43	171
positions_6nt_m2	12.1	39	20795579	263	1.264676e-05	5.856396e-07	12.18	2.553491e-244	5.336796e-242	241.27	172
positions_6nt_m2	12.2	25	20795604	238	1.144460e-05	5.085217e-07	10.58	2.268241e-225	4.740623e-223	222.32	173
positions_6nt_m2	12.3	11	20795615	227	1.091564e-05	4.351998e-07	9.05	2.749776e-225	5.747031e-223	222.24	174
positions_6nt_m2	12.4	16	20795631	211	1.014626e-05	3.906218e-07	8.12	1.239984e-212	2.591566e-210	209.59	175
positions_6nt_m2	12.5	18	20795649	193	9.280702e-06	3.443821e-07	7.16	1.225160e-197	2.560584e-195	194.59	176
positions_6nt_m2	12.6	15	20795664	178	8.559404e-06	3.075339e-07	6.40	7.725518e-185	1.614633e-182	181.79	177
positions_6nt_m2	12.7	12	20795676	166	7.982365e-06	2.763358e-07	5.75	4.240752e-175	8.863172e-173	172.05	178
positions_6nt_m2	12.8	12	20795688	154	7.405327e-06	2.498962e-07	5.20	3.097873e-164	6.474554e-162	161.19	179
positions_6nt_m2	12.9	6	20795694	148	7.116808e-06	2.257698e-07	4.70	9.334777e-162	1.950968e-159	158.71	180
positions_6nt_m2	13.0	7	20795701	141	6.780202e-06	2.055180e-07	4.27	6.685267e-157	1.397221e-154	153.85	181
positions_6nt_m2	13.1	14	20795715	127	6.106990e-06	1.891103e-07	3.93	2.250758e-140	4.704085e-138	137.33	182
positions_6nt_m2	13.2	11	20795726	116	5.578038e-06	1.749077e-07	3.64	9.003224e-128	1.881674e-125	124.73	183
positions_6nt_m2	13.3	6	20795732	110	5.289519e-06	1.582913e-07	3.29	1.995784e-123	4.171190e-121	120.38	184
positions_6nt_m2	13.4	10	20795742	100	4.808654e-06	1.466184e-07	3.05	1.366227e-111	2.855414e-109	108.54	185
positions_6nt_m2	13.5	8	20795750	92	4.423962e-06	1.357840e-07	2.82	1.472672e-102	3.077884e-100	99.51	186
positions_6nt_m2	13.6	9	20795759	83	3.991183e-06	1.277869e-07	2.66	3.119485e-91	6.519724e-89	88.19	187
positions_6nt_m2	13.7	9	20795768	74	3.558404e-06	1.187365e-07	2.47	2.965152e-80	6.197167e-78	77.21	188
positions_6nt_m2	13.8	5	20795773	69	3.317971e-06	1.113850e-07	2.32	8.845067e-75	1.848619e-72	71.73	189
positions_6nt_m2	13.9	3	20795776	66	3.173712e-06	1.044736e-07	2.17	3.764611e-72	7.868037e-70	69.10	190
positions_6nt_m2	14.0	2	20795778	64	3.077538e-06	1.010040e-07	2.10	4.233965e-70	8.848987e-68	67.05	191
positions_6nt_m2	14.1	8	20795786	56	2.692846e-06	9.592598e-08	1.99	1.236853e-59	2.585024e-57	56.59	192
positions_6nt_m2	14.2	6	20795792	50	2.404327e-06	9.308816e-08	1.94	1.087709e-51	2.273311e-49	48.64	193
positions_6nt_m2	14.3	4	20795796	46	2.211981e-06	8.785708e-08	1.83	3.340266e-47	6.981157e-45	44.16	194
positions_6nt_m2	14.5	2	20795798	44	2.115808e-06	7.793856e-08	1.62	1.304565e-46	2.726540e-44	43.56	195
positions_6nt_m2	14.6	5	20795803	39	1.875375e-06	7.524937e-08	1.56	4.100089e-40	8.569185e-38	37.07	196
positions_6nt_m2	14.7	6	20795809	33	1.586856e-06	7.010377e-08	1.46	7.077141e-33	1.479122e-30	29.83	197
positions_6nt_m2	14.8	4	20795813	29	1.394510e-06	6.342413e-08	1.32	9.701381e-29	2.027589e-26	25.69	198
positions_6nt_m2	14.9	1	20795814	28	1.346423e-06	5.630230e-08	1.17	8.776136e-29	1.834212e-26	25.74	199
positions_6nt_m2	15.0	2	20795816	26	1.250250e-06	5.000958e-08	1.04	2.526500e-27	5.280384e-25	24.28	200
positions_6nt_m2	15.1	1	20795817	25	1.202163e-06	4.381369e-08	0.91	2.622855e-27	5.481768e-25	24.26	201
positions_6nt_m2	15.2	2	20795819	23	1.105990e-06	3.627110e-08	0.75	2.864999e-26	5.987848e-24	23.22	202
positions_6nt_m2	15.3	4	20795823	19	9.136442e-07	2.836101e-08	0.59	2.065399e-22	4.316684e-20	19.36	203
positions_6nt_m2	15.4	3	20795826	16	7.693846e-07	2.380921e-08	0.50	3.914758e-19	8.181844e-17	16.09	204
positions_6nt_m2	15.5	6	20795832	10	4.808654e-07	1.774212e-08	0.37	9.217031e-12	1.926359e-09	8.72	205
positions_6nt_m2	15.7	4	20795836	6	2.885192e-07	1.039335e-08	0.22	1.176949e-07	2.459824e-05	4.61	206
positions_6nt_m2	15.9	2	20795838	4	1.923462e-07	5.718511e-09	0.12	7.578643e-06	1.583936e-03	2.80	207
positions_6nt_m2	16.0	3	20795841	1	4.808654e-08	3.875886e-09	0.08	7.743950e-02	1.618485e+01	-1.21	208
positions_6nt_m2	16.3	1	20795842	0	0.000000e+00	1.729784e-09	0.04	1.000000e+00	2.090000e+02	-2.32	209
; Number of sequences scanned	43038
; Sum of sequence lengths	11000544
; N residues           	63
; Matches per matrix
;	matrix	name            	matches	scored
;	1	positions_6nt_m2	20795841	20795841
;		TOTAL          	20795841	20795841
; Host name	rsat
; Job started	2014-09-03.102346
; Job done	2014-09-03.102406
; Seconds	11.9
;	user	11.9
;	system	0.05
;	cuser	0.59
;	csystem	0.03
