; matrix-scan  -v 1 -quick -seq_format fasta -i $RSAT/public_html/tmp/wwwrun/2014/09/03/peak-motifs.2014-09-03.182940_2014-09-03.182940_LkVj4M/data/sequences/peak-motifs_test_maxlen400.fasta -matrix_format transfac -m $RSAT/public_html/tmp/wwwrun/2014/09/03/peak-motifs.2014-09-03.182940_2014-09-03.182940_LkVj4M/results/discovered_motifs/dyads_m4/peak-motifs_dyads_m4.tf -pseudo 1 -2str -decimals 1 -bg_pseudo 0.01 -n score -lth score -5 -bginput -markov 1 -return distrib -return occ_proba -o $RSAT/public_html/tmp/wwwrun/2014/09/03/peak-motifs.2014-09-03.182940_2014-09-03.182940_LkVj4M/results/discovered_motifs/dyads_m4/peak-motifs_dyads_m4_scan_mkv1_enrichment.tab
; Quick counting mode          
; Input files
;	input	/home/rsat/rsat/public_html/tmp/wwwrun/2014/09/03/peak-motifs.2014-09-03.182940_2014-09-03.182940_LkVj4M/data/sequences/peak-motifs_test_maxlen400.fasta
; Matrix files
;	matrix 1	/home/rsat/rsat/public_html/tmp/wwwrun/2014/09/03/peak-motifs.2014-09-03.182940_2014-09-03.182940_LkVj4M/results/discovered_motifs/dyads_m4/peak-motifs_dyads_m4.tf
; Sequence format      	fasta
; Output files
;	output	/home/rsat/rsat/public_html/tmp/wwwrun/2014/09/03/peak-motifs.2014-09-03.182940_2014-09-03.182940_LkVj4M/results/discovered_motifs/dyads_m4/peak-motifs_dyads_m4_scan_mkv1_enrichment.tab
; Pseudo counts        	1
; Background model
;	Method        	input
;	Markov order  	1
;	Strand        	undef
;	Background pseudo-frequency	0.01
;	Residue probabilities
;		a	0.28671
;		c	0.21298
;		g	0.21277
;		t	0.28754
; Thresholds	lower	upper
;	score 	-5   	NA
;
; Matrices
;	matrix	name    	ncol	nrow	pseudo	Wmin	Wmax	Wrange
;	1	dyads_m4	16	4	1	-48.700	18.300	67.000	a:0.287 c:0.213 g:0.213 t:0.288 
;
; Score distribution
#matrix	score	occ	occ_cum	inv_cum	inv_cum_freq	occ_prior	exp_occ	occ_Pval	occ_Eval	occ_sig	occ_sig_rank
dyads_m4	-5.0	7379	19804620	267064	1.330551e-02	6.810119e-03	136690.56	0.000000e+00	0.000000e+00	350.00	1
dyads_m4	-4.9	7357	19811977	259707	1.293897e-02	6.533871e-03	131145.79	0.000000e+00	0.000000e+00	350.00	2
dyads_m4	-4.8	6995	19818972	252712	1.259047e-02	6.314919e-03	126751.05	0.000000e+00	0.000000e+00	350.00	3
dyads_m4	-4.7	6868	19825840	245844	1.224830e-02	6.053983e-03	121513.63	0.000000e+00	0.000000e+00	350.00	4
dyads_m4	-4.6	6878	19832718	238966	1.190563e-02	5.823783e-03	116893.12	0.000000e+00	0.000000e+00	350.00	5
dyads_m4	-4.5	6679	19839397	232287	1.157287e-02	5.622666e-03	112856.38	0.000000e+00	0.000000e+00	350.00	6
dyads_m4	-4.4	6663	19846060	225624	1.124091e-02	5.384776e-03	108081.51	0.000000e+00	0.000000e+00	350.00	7
dyads_m4	-4.3	6151	19852211	219473	1.093446e-02	5.196380e-03	104300.08	0.000000e+00	0.000000e+00	350.00	8
dyads_m4	-4.2	6048	19858259	213425	1.063314e-02	4.994845e-03	100254.95	0.000000e+00	0.000000e+00	350.00	9
dyads_m4	-4.1	5937	19864196	207488	1.033735e-02	4.780926e-03	95961.23	0.000000e+00	0.000000e+00	350.00	10
dyads_m4	-4.0	5642	19869838	201846	1.005626e-02	4.612752e-03	92585.69	0.000000e+00	0.000000e+00	350.00	11
dyads_m4	-3.9	5494	19875332	196352	9.782538e-03	4.414983e-03	88616.15	0.000000e+00	0.000000e+00	350.00	12
dyads_m4	-3.8	5353	19880685	190999	9.515844e-03	4.243081e-03	85165.78	0.000000e+00	0.000000e+00	350.00	13
dyads_m4	-3.7	5049	19885734	185950	9.264295e-03	4.077475e-03	81841.79	0.000000e+00	0.000000e+00	350.00	14
dyads_m4	-3.6	4942	19890676	181008	9.018078e-03	3.934567e-03	78973.38	0.000000e+00	0.000000e+00	350.00	15
dyads_m4	-3.5	4897	19895573	176111	8.774102e-03	3.782644e-03	75924.03	0.000000e+00	0.000000e+00	350.00	16
dyads_m4	-3.4	4484	19900057	171627	8.550703e-03	3.622618e-03	72712.05	0.000000e+00	0.000000e+00	350.00	17
dyads_m4	-3.3	4314	19904371	167313	8.335773e-03	3.484279e-03	69935.35	0.000000e+00	0.000000e+00	350.00	18
dyads_m4	-3.2	4082	19908453	163231	8.132402e-03	3.364943e-03	67540.06	0.000000e+00	0.000000e+00	350.00	19
dyads_m4	-3.1	4100	19912553	159131	7.928134e-03	3.237964e-03	64991.39	0.000000e+00	0.000000e+00	350.00	20
dyads_m4	-3.0	3945	19916498	155186	7.731589e-03	3.116238e-03	62548.15	0.000000e+00	0.000000e+00	350.00	21
dyads_m4	-2.9	3622	19920120	151564	7.551136e-03	2.988939e-03	59993.03	0.000000e+00	0.000000e+00	350.00	22
dyads_m4	-2.8	3555	19923675	148009	7.374020e-03	2.879138e-03	57789.15	0.000000e+00	0.000000e+00	350.00	23
dyads_m4	-2.7	3318	19926993	144691	7.208713e-03	2.773184e-03	55662.48	0.000000e+00	0.000000e+00	350.00	24
dyads_m4	-2.6	3528	19930521	141163	7.032943e-03	2.682156e-03	53835.38	0.000000e+00	0.000000e+00	350.00	25
dyads_m4	-2.5	3405	19933926	137758	6.863301e-03	2.585297e-03	51891.26	0.000000e+00	0.000000e+00	350.00	26
dyads_m4	-2.4	3265	19937191	134493	6.700634e-03	2.482376e-03	49825.47	0.000000e+00	0.000000e+00	350.00	27
dyads_m4	-2.3	3001	19940192	131492	6.551120e-03	2.392941e-03	48030.36	0.000000e+00	0.000000e+00	350.00	28
dyads_m4	-2.2	2897	19943089	128595	6.406787e-03	2.315175e-03	46469.46	0.000000e+00	0.000000e+00	350.00	29
dyads_m4	-2.1	2784	19945873	125811	6.268084e-03	2.231945e-03	44798.90	0.000000e+00	0.000000e+00	350.00	30
dyads_m4	-2.0	2766	19948639	123045	6.130278e-03	2.151845e-03	43191.15	0.000000e+00	0.000000e+00	350.00	31
dyads_m4	-1.9	2739	19951378	120306	5.993817e-03	2.074281e-03	41634.32	0.000000e+00	0.000000e+00	350.00	32
dyads_m4	-1.8	2732	19954110	117574	5.857705e-03	1.992182e-03	39986.45	0.000000e+00	0.000000e+00	350.00	33
dyads_m4	-1.7	2629	19956739	114945	5.726725e-03	1.919282e-03	38523.21	0.000000e+00	0.000000e+00	350.00	34
dyads_m4	-1.6	2525	19959264	112420	5.600925e-03	1.855575e-03	37244.51	0.000000e+00	0.000000e+00	350.00	35
dyads_m4	-1.5	2358	19961622	110062	5.483447e-03	1.780040e-03	35728.39	0.000000e+00	0.000000e+00	350.00	36
dyads_m4	-1.4	2480	19964102	107582	5.359889e-03	1.719722e-03	34517.72	0.000000e+00	0.000000e+00	350.00	37
dyads_m4	-1.3	2511	19966613	105071	5.234788e-03	1.647911e-03	33076.35	0.000000e+00	0.000000e+00	350.00	38
dyads_m4	-1.2	2488	19969101	102583	5.110832e-03	1.590637e-03	31926.75	0.000000e+00	0.000000e+00	350.00	39
dyads_m4	-1.1	2631	19971732	99952	4.979752e-03	1.528293e-03	30675.41	0.000000e+00	0.000000e+00	350.00	40
dyads_m4	-1.0	2511	19974243	97441	4.854650e-03	1.461585e-03	29336.46	0.000000e+00	0.000000e+00	350.00	41
dyads_m4	-0.9	2353	19976596	95088	4.737420e-03	1.408042e-03	28261.78	0.000000e+00	0.000000e+00	350.00	42
dyads_m4	-0.8	2407	19979003	92681	4.617500e-03	1.350192e-03	27100.63	0.000000e+00	0.000000e+00	350.00	43
dyads_m4	-0.7	2252	19981255	90429	4.505302e-03	1.288063e-03	25853.59	0.000000e+00	0.000000e+00	350.00	44
dyads_m4	-0.6	2216	19983471	88213	4.394898e-03	1.233126e-03	24750.92	0.000000e+00	0.000000e+00	350.00	45
dyads_m4	-0.5	2229	19985700	85984	4.283846e-03	1.180009e-03	23684.77	0.000000e+00	0.000000e+00	350.00	46
dyads_m4	-0.4	2129	19987829	83855	4.177776e-03	1.128300e-03	22646.88	0.000000e+00	0.000000e+00	350.00	47
dyads_m4	-0.3	2329	19990158	81526	4.061742e-03	1.082765e-03	21732.92	0.000000e+00	0.000000e+00	350.00	48
dyads_m4	-0.2	2322	19992480	79204	3.946057e-03	1.033773e-03	20749.56	0.000000e+00	0.000000e+00	350.00	49
dyads_m4	-0.1	1992	19994472	77212	3.846812e-03	9.863240e-04	19797.18	0.000000e+00	0.000000e+00	350.00	50
dyads_m4	0.0	2048	19996520	75164	3.744778e-03	9.360530e-04	18788.16	0.000000e+00	0.000000e+00	350.00	51
dyads_m4	0.1	1829	19998349	73335	3.653655e-03	8.960989e-04	17986.21	0.000000e+00	0.000000e+00	350.00	52
dyads_m4	0.2	2097	20000446	71238	3.549179e-03	8.491894e-04	17044.66	0.000000e+00	0.000000e+00	350.00	53
dyads_m4	0.3	2006	20002452	69232	3.449237e-03	8.083039e-04	16224.02	0.000000e+00	0.000000e+00	350.00	54
dyads_m4	0.4	1896	20004348	67336	3.354776e-03	7.690793e-04	15436.72	0.000000e+00	0.000000e+00	350.00	55
dyads_m4	0.5	1740	20006088	65596	3.268087e-03	7.352031e-04	14756.76	0.000000e+00	0.000000e+00	350.00	56
dyads_m4	0.6	1580	20007668	64016	3.189369e-03	6.986778e-04	14023.64	0.000000e+00	0.000000e+00	350.00	57
dyads_m4	0.7	1624	20009292	62392	3.108459e-03	6.642750e-04	13333.12	0.000000e+00	0.000000e+00	350.00	58
dyads_m4	0.8	1500	20010792	60892	3.033727e-03	6.314334e-04	12673.93	0.000000e+00	0.000000e+00	350.00	59
dyads_m4	0.9	1379	20012171	59513	2.965023e-03	5.969088e-04	11980.96	0.000000e+00	0.000000e+00	350.00	60
dyads_m4	1.0	1301	20013472	58212	2.900205e-03	5.674785e-04	11390.25	0.000000e+00	0.000000e+00	350.00	61
dyads_m4	1.1	1434	20014906	56778	2.828761e-03	5.422445e-04	10883.76	0.000000e+00	0.000000e+00	350.00	62
dyads_m4	1.2	1256	20016162	55522	2.766186e-03	5.130378e-04	10297.53	0.000000e+00	0.000000e+00	350.00	63
dyads_m4	1.3	1260	20017422	54262	2.703411e-03	4.878450e-04	9791.87	0.000000e+00	0.000000e+00	350.00	64
dyads_m4	1.4	1080	20018502	53182	2.649603e-03	4.664991e-04	9363.42	0.000000e+00	0.000000e+00	350.00	65
dyads_m4	1.5	1121	20019623	52061	2.593754e-03	4.419043e-04	8869.76	0.000000e+00	0.000000e+00	350.00	66
dyads_m4	1.6	1195	20020818	50866	2.534217e-03	4.227682e-04	8485.67	0.000000e+00	0.000000e+00	350.00	67
dyads_m4	1.7	1152	20021970	49714	2.476823e-03	4.009912e-04	8048.57	0.000000e+00	0.000000e+00	350.00	68
dyads_m4	1.8	1052	20023022	48662	2.424411e-03	3.842476e-04	7712.50	0.000000e+00	0.000000e+00	350.00	69
dyads_m4	1.9	925	20023947	47737	2.378326e-03	3.664065e-04	7354.40	0.000000e+00	0.000000e+00	350.00	70
dyads_m4	2.0	906	20024853	46831	2.333188e-03	3.481723e-04	6988.40	0.000000e+00	0.000000e+00	350.00	71
dyads_m4	2.1	786	20025639	46045	2.294028e-03	3.323982e-04	6671.79	0.000000e+00	0.000000e+00	350.00	72
dyads_m4	2.2	784	20026423	45261	2.254968e-03	3.176472e-04	6375.71	0.000000e+00	0.000000e+00	350.00	73
dyads_m4	2.3	953	20027376	44308	2.207488e-03	3.035714e-04	6093.19	0.000000e+00	0.000000e+00	350.00	74
dyads_m4	2.4	663	20028039	43645	2.174456e-03	2.916584e-04	5854.07	0.000000e+00	0.000000e+00	350.00	75
dyads_m4	2.5	702	20028741	42943	2.139482e-03	2.791354e-04	5602.72	0.000000e+00	0.000000e+00	350.00	76
dyads_m4	2.6	623	20029364	42320	2.108443e-03	2.659062e-04	5337.19	0.000000e+00	0.000000e+00	350.00	77
dyads_m4	2.7	690	20030054	41630	2.074066e-03	2.546138e-04	5110.53	0.000000e+00	0.000000e+00	350.00	78
dyads_m4	2.8	672	20030726	40958	2.040586e-03	2.449372e-04	4916.30	0.000000e+00	0.000000e+00	350.00	79
dyads_m4	2.9	774	20031500	40184	2.002024e-03	2.343544e-04	4703.89	0.000000e+00	0.000000e+00	350.00	80
dyads_m4	3.0	1018	20032518	39166	1.951306e-03	2.243722e-04	4503.53	0.000000e+00	0.000000e+00	350.00	81
dyads_m4	3.1	1481	20033999	37685	1.877521e-03	2.137613e-04	4290.55	0.000000e+00	0.000000e+00	350.00	82
dyads_m4	3.2	588	20034587	37097	1.848226e-03	2.044636e-04	4103.93	0.000000e+00	0.000000e+00	350.00	83
dyads_m4	3.3	991	20035578	36106	1.798853e-03	1.955376e-04	3924.77	0.000000e+00	0.000000e+00	350.00	84
dyads_m4	3.4	580	20036158	35526	1.769956e-03	1.875899e-04	3765.24	0.000000e+00	0.000000e+00	350.00	85
dyads_m4	3.5	747	20036905	34779	1.732740e-03	1.792037e-04	3596.92	0.000000e+00	0.000000e+00	350.00	86
dyads_m4	3.6	522	20037427	34257	1.706733e-03	1.700836e-04	3413.86	0.000000e+00	0.000000e+00	350.00	87
dyads_m4	3.7	1166	20038593	33091	1.648641e-03	1.620564e-04	3252.74	0.000000e+00	0.000000e+00	350.00	88
dyads_m4	3.8	652	20039245	32439	1.616157e-03	1.551357e-04	3113.83	0.000000e+00	0.000000e+00	350.00	89
dyads_m4	3.9	1100	20040345	31339	1.561354e-03	1.475073e-04	2960.72	0.000000e+00	0.000000e+00	350.00	90
dyads_m4	4.0	461	20040806	30878	1.538386e-03	1.402629e-04	2815.31	0.000000e+00	0.000000e+00	350.00	91
dyads_m4	4.1	438	20041244	30440	1.516564e-03	1.324612e-04	2658.72	0.000000e+00	0.000000e+00	350.00	92
dyads_m4	4.2	463	20041707	29977	1.493497e-03	1.262131e-04	2533.31	0.000000e+00	0.000000e+00	350.00	93
dyads_m4	4.3	727	20042434	29250	1.457277e-03	1.189897e-04	2388.32	0.000000e+00	0.000000e+00	350.00	94
dyads_m4	4.4	587	20043021	28663	1.428032e-03	1.125389e-04	2258.85	0.000000e+00	0.000000e+00	350.00	95
dyads_m4	4.5	17495	20060516	11168	5.564058e-04	1.070798e-04	2149.27	0.000000e+00	0.000000e+00	350.00	96
dyads_m4	4.6	486	20061002	10682	5.321925e-04	1.004181e-04	2015.56	0.000000e+00	0.000000e+00	350.00	97
dyads_m4	4.7	706	20061708	9976	4.970186e-04	9.523205e-05	1911.47	0.000000e+00	0.000000e+00	350.00	98
dyads_m4	4.8	406	20062114	9570	4.767911e-04	8.966541e-05	1799.74	0.000000e+00	0.000000e+00	350.00	99
dyads_m4	4.9	462	20062576	9108	4.537736e-04	8.382761e-05	1682.56	0.000000e+00	0.000000e+00	350.00	100
dyads_m4	5.0	329	20062905	8779	4.373824e-04	7.931432e-05	1591.97	0.000000e+00	0.000000e+00	350.00	101
dyads_m4	5.1	354	20063259	8425	4.197456e-04	7.394006e-05	1484.10	0.000000e+00	0.000000e+00	350.00	102
dyads_m4	5.2	302	20063561	8123	4.046995e-04	6.981593e-05	1401.32	0.000000e+00	0.000000e+00	350.00	103
dyads_m4	5.3	267	20063828	7856	3.913972e-04	6.510277e-05	1306.72	0.000000e+00	0.000000e+00	350.00	104
dyads_m4	5.4	317	20064145	7539	3.756038e-04	6.097974e-05	1223.97	0.000000e+00	0.000000e+00	350.00	105
dyads_m4	5.5	360	20064505	7179	3.576681e-04	5.753359e-05	1154.80	0.000000e+00	0.000000e+00	350.00	106
dyads_m4	5.6	454	20064959	6725	3.350491e-04	5.343878e-05	1072.61	0.000000e+00	0.000000e+00	350.00	107
dyads_m4	5.7	244	20065203	6481	3.228927e-04	5.040930e-05	1011.80	0.000000e+00	0.000000e+00	350.00	108
dyads_m4	5.8	254	20065457	6227	3.102381e-04	4.719096e-05	947.20	0.000000e+00	0.000000e+00	350.00	109
dyads_m4	5.9	218	20065675	6009	2.993770e-04	4.382002e-05	879.54	0.000000e+00	0.000000e+00	350.00	110
dyads_m4	6.0	223	20065898	5786	2.882668e-04	4.135733e-05	830.11	0.000000e+00	0.000000e+00	350.00	111
dyads_m4	6.1	184	20066082	5602	2.790997e-04	3.845730e-05	771.90	0.000000e+00	0.000000e+00	350.00	112
dyads_m4	6.2	186	20066268	5416	2.698329e-04	3.627357e-05	728.07	0.000000e+00	0.000000e+00	350.00	113
dyads_m4	6.3	194	20066462	5222	2.601675e-04	3.384030e-05	679.23	0.000000e+00	0.000000e+00	350.00	114
dyads_m4	6.4	226	20066688	4996	2.489079e-04	3.174354e-05	637.15	0.000000e+00	0.000000e+00	350.00	115
dyads_m4	6.5	163	20066851	4833	2.407870e-04	3.006124e-05	603.38	0.000000e+00	0.000000e+00	350.00	116
dyads_m4	6.6	149	20067000	4684	2.333636e-04	2.807361e-05	563.48	0.000000e+00	0.000000e+00	350.00	117
dyads_m4	6.7	136	20067136	4548	2.265879e-04	2.664457e-05	534.80	0.000000e+00	0.000000e+00	350.00	118
dyads_m4	6.8	146	20067282	4402	2.193139e-04	2.510473e-05	503.89	0.000000e+00	0.000000e+00	350.00	119
dyads_m4	6.9	116	20067398	4286	2.135347e-04	2.352885e-05	472.26	0.000000e+00	0.000000e+00	350.00	120
dyads_m4	7.0	144	20067542	4142	2.063604e-04	2.238947e-05	449.39	0.000000e+00	0.000000e+00	350.00	121
dyads_m4	7.1	105	20067647	4037	2.011291e-04	2.110310e-05	423.57	0.000000e+00	0.000000e+00	350.00	122
dyads_m4	7.2	164	20067811	3873	1.929584e-04	2.004537e-05	402.34	0.000000e+00	0.000000e+00	350.00	123
dyads_m4	7.3	88	20067899	3785	1.885741e-04	1.895796e-05	380.52	0.000000e+00	0.000000e+00	350.00	124
dyads_m4	7.4	93	20067992	3692	1.839407e-04	1.793909e-05	360.07	0.000000e+00	0.000000e+00	350.00	125
dyads_m4	7.5	90	20068082	3602	1.794568e-04	1.711769e-05	343.58	0.000000e+00	0.000000e+00	350.00	126
dyads_m4	7.6	76	20068158	3526	1.756704e-04	1.619453e-05	325.05	0.000000e+00	0.000000e+00	350.00	127
dyads_m4	7.7	87	20068245	3439	1.713359e-04	1.547929e-05	310.70	0.000000e+00	0.000000e+00	350.00	128
dyads_m4	7.8	74	20068319	3365	1.676491e-04	1.474094e-05	295.88	0.000000e+00	0.000000e+00	350.00	129
dyads_m4	7.9	59	20068378	3306	1.647097e-04	1.391806e-05	279.36	0.000000e+00	0.000000e+00	350.00	130
dyads_m4	8.0	57	20068435	3249	1.618698e-04	1.327899e-05	266.53	0.000000e+00	0.000000e+00	350.00	131
dyads_m4	8.1	65	20068500	3184	1.586314e-04	1.262500e-05	253.41	0.000000e+00	0.000000e+00	350.00	132
dyads_m4	8.2	75	20068575	3109	1.548948e-04	1.192437e-05	239.34	0.000000e+00	0.000000e+00	350.00	133
dyads_m4	8.3	67	20068642	3042	1.515568e-04	1.121310e-05	225.07	0.000000e+00	0.000000e+00	350.00	134
dyads_m4	8.4	67	20068709	2975	1.482188e-04	1.061381e-05	213.04	0.000000e+00	0.000000e+00	350.00	135
dyads_m4	8.5	59	20068768	2916	1.452793e-04	1.001616e-05	201.04	0.000000e+00	0.000000e+00	350.00	136
dyads_m4	8.6	51	20068819	2865	1.427384e-04	9.500819e-06	190.70	0.000000e+00	0.000000e+00	350.00	137
dyads_m4	8.7	45	20068864	2820	1.404964e-04	8.946057e-06	179.56	0.000000e+00	0.000000e+00	350.00	138
dyads_m4	8.8	59	20068923	2761	1.375570e-04	8.435141e-06	169.31	0.000000e+00	0.000000e+00	350.00	139
dyads_m4	8.9	39	20068962	2722	1.356139e-04	7.851659e-06	157.60	0.000000e+00	0.000000e+00	350.00	140
dyads_m4	9.0	74	20069036	2648	1.319272e-04	7.374175e-06	148.01	0.000000e+00	0.000000e+00	350.00	141
dyads_m4	9.1	88	20069124	2560	1.275429e-04	6.948219e-06	139.46	0.000000e+00	0.000000e+00	350.00	142
dyads_m4	9.2	74	20069198	2486	1.238561e-04	6.484275e-06	130.15	0.000000e+00	0.000000e+00	350.00	143
dyads_m4	9.3	58	20069256	2428	1.209664e-04	6.016306e-06	120.76	0.000000e+00	0.000000e+00	350.00	144
dyads_m4	9.4	42	20069298	2386	1.188739e-04	5.579216e-06	111.98	0.000000e+00	0.000000e+00	350.00	145
dyads_m4	9.5	58	20069356	2328	1.159843e-04	5.190422e-06	104.18	0.000000e+00	0.000000e+00	350.00	146
dyads_m4	9.6	59	20069415	2269	1.130448e-04	4.840743e-06	97.16	0.000000e+00	0.000000e+00	350.00	147
dyads_m4	9.7	52	20069467	2217	1.104541e-04	4.458993e-06	89.50	0.000000e+00	0.000000e+00	350.00	148
dyads_m4	9.8	63	20069530	2154	1.073154e-04	4.124505e-06	82.79	0.000000e+00	0.000000e+00	350.00	149
dyads_m4	9.9	39	20069569	2115	1.053723e-04	3.758738e-06	75.44	0.000000e+00	0.000000e+00	350.00	150
dyads_m4	10.0	42	20069611	2073	1.032798e-04	3.449969e-06	69.25	0.000000e+00	0.000000e+00	350.00	151
dyads_m4	10.1	47	20069658	2026	1.009382e-04	3.206735e-06	64.36	0.000000e+00	0.000000e+00	350.00	152
dyads_m4	10.2	71	20069729	1955	9.740090e-05	2.930138e-06	58.81	0.000000e+00	0.000000e+00	350.00	153
dyads_m4	10.3	56	20069785	1899	9.461090e-05	2.664986e-06	53.49	0.000000e+00	0.000000e+00	350.00	154
dyads_m4	10.4	43	20069828	1856	9.246858e-05	2.425171e-06	48.68	0.000000e+00	0.000000e+00	350.00	155
dyads_m4	10.5	34	20069862	1822	9.077465e-05	2.225252e-06	44.66	0.000000e+00	0.000000e+00	350.00	156
dyads_m4	10.6	37	20069899	1785	8.893126e-05	2.052676e-06	41.20	0.000000e+00	0.000000e+00	350.00	157
dyads_m4	10.7	30	20069929	1755	8.743661e-05	1.870124e-06	37.54	0.000000e+00	0.000000e+00	350.00	158
dyads_m4	10.8	59	20069988	1696	8.449715e-05	1.705005e-06	34.22	0.000000e+00	0.000000e+00	350.00	159
dyads_m4	10.9	56	20070044	1640	8.170715e-05	1.538146e-06	30.87	0.000000e+00	0.000000e+00	350.00	160
dyads_m4	11.0	49	20070093	1591	7.926590e-05	1.399544e-06	28.09	0.000000e+00	0.000000e+00	350.00	161
dyads_m4	11.1	27	20070120	1564	7.792072e-05	1.288311e-06	25.86	0.000000e+00	0.000000e+00	350.00	162
dyads_m4	11.2	47	20070167	1517	7.557911e-05	1.172765e-06	23.54	0.000000e+00	0.000000e+00	350.00	163
dyads_m4	11.3	48	20070215	1469	7.318768e-05	1.070691e-06	21.49	0.000000e+00	0.000000e+00	350.00	164
dyads_m4	11.4	34	20070249	1435	7.149376e-05	9.840209e-07	19.75	0.000000e+00	0.000000e+00	350.00	165
dyads_m4	11.5	121	20070370	1314	6.546536e-05	8.984951e-07	18.03	0.000000e+00	0.000000e+00	350.00	166
dyads_m4	11.6	43	20070413	1271	6.332304e-05	8.510143e-07	17.08	0.000000e+00	0.000000e+00	350.00	167
dyads_m4	11.7	14	20070427	1257	6.262554e-05	7.710524e-07	15.48	0.000000e+00	0.000000e+00	350.00	168
dyads_m4	11.8	31	20070458	1226	6.108108e-05	7.157282e-07	14.37	0.000000e+00	0.000000e+00	350.00	169
dyads_m4	11.9	44	20070502	1182	5.888893e-05	6.607323e-07	13.26	0.000000e+00	0.000000e+00	350.00	170
dyads_m4	12.0	13	20070515	1169	5.824125e-05	6.130117e-07	12.30	0.000000e+00	0.000000e+00	350.00	171
dyads_m4	12.1	36	20070551	1133	5.644768e-05	5.858744e-07	11.76	0.000000e+00	0.000000e+00	350.00	172
dyads_m4	12.2	7	20070558	1126	5.609893e-05	5.470175e-07	10.98	0.000000e+00	0.000000e+00	350.00	173
dyads_m4	12.3	20	20070578	1106	5.510250e-05	5.058687e-07	10.15	0.000000e+00	0.000000e+00	350.00	174
dyads_m4	12.4	15	20070593	1091	5.435518e-05	4.866065e-07	9.77	0.000000e+00	0.000000e+00	350.00	175
dyads_m4	12.5	15	20070608	1076	5.360786e-05	4.502336e-07	9.04	0.000000e+00	0.000000e+00	350.00	176
dyads_m4	12.6	26	20070634	1050	5.231250e-05	4.324615e-07	8.68	0.000000e+00	0.000000e+00	350.00	177
dyads_m4	12.7	23	20070657	1027	5.116661e-05	4.102389e-07	8.23	0.000000e+00	0.000000e+00	350.00	178
dyads_m4	12.8	11	20070668	1016	5.061858e-05	3.803847e-07	7.63	0.000000e+00	0.000000e+00	350.00	179
dyads_m4	12.9	22	20070690	994	4.952250e-05	3.539893e-07	7.11	0.000000e+00	0.000000e+00	350.00	180
dyads_m4	13.0	6	20070696	988	4.922358e-05	3.287549e-07	6.60	0.000000e+00	0.000000e+00	350.00	181
dyads_m4	13.1	17	20070713	971	4.837661e-05	3.098704e-07	6.22	0.000000e+00	0.000000e+00	350.00	182
dyads_m4	13.2	20	20070733	951	4.738018e-05	2.859772e-07	5.74	0.000000e+00	0.000000e+00	350.00	183
dyads_m4	13.3	12	20070745	939	4.678233e-05	2.689155e-07	5.40	0.000000e+00	0.000000e+00	350.00	184
dyads_m4	13.4	11	20070756	928	4.623429e-05	2.507551e-07	5.03	0.000000e+00	0.000000e+00	350.00	185
dyads_m4	13.5	22	20070778	906	4.513822e-05	2.347713e-07	4.71	0.000000e+00	0.000000e+00	350.00	186
dyads_m4	13.6	15	20070793	891	4.439090e-05	2.242724e-07	4.50	0.000000e+00	0.000000e+00	350.00	187
dyads_m4	13.7	8	20070801	883	4.399232e-05	2.110738e-07	4.24	0.000000e+00	0.000000e+00	350.00	188
dyads_m4	13.8	19	20070820	864	4.304572e-05	1.914332e-07	3.84	0.000000e+00	0.000000e+00	350.00	189
dyads_m4	13.9	15	20070835	849	4.229840e-05	1.700065e-07	3.41	0.000000e+00	0.000000e+00	350.00	190
dyads_m4	14.0	2	20070837	847	4.219875e-05	1.551738e-07	3.11	0.000000e+00	0.000000e+00	350.00	191
dyads_m4	14.1	22	20070859	825	4.110268e-05	1.478612e-07	2.97	0.000000e+00	0.000000e+00	350.00	192
dyads_m4	14.2	33	20070892	792	3.945857e-05	1.378544e-07	2.77	0.000000e+00	0.000000e+00	350.00	193
dyads_m4	14.3	20	20070912	772	3.846215e-05	1.212051e-07	2.43	0.000000e+00	0.000000e+00	350.00	194
dyads_m4	14.4	43	20070955	729	3.631982e-05	1.120142e-07	2.25	0.000000e+00	0.000000e+00	350.00	195
dyads_m4	14.5	17	20070972	712	3.547286e-05	9.967464e-08	2.00	0.000000e+00	0.000000e+00	350.00	196
dyads_m4	14.6	30	20071002	682	3.397822e-05	8.704699e-08	1.75	0.000000e+00	0.000000e+00	350.00	197
dyads_m4	14.7	25	20071027	657	3.273268e-05	7.399128e-08	1.49	0.000000e+00	0.000000e+00	350.00	198
dyads_m4	14.8	11	20071038	646	3.218465e-05	6.755348e-08	1.36	0.000000e+00	0.000000e+00	350.00	199
dyads_m4	14.9	16	20071054	630	3.138750e-05	6.034689e-08	1.21	0.000000e+00	0.000000e+00	350.00	200
dyads_m4	15.0	6	20071060	624	3.108857e-05	5.452491e-08	1.09	0.000000e+00	0.000000e+00	350.00	201
dyads_m4	15.1	23	20071083	601	2.994268e-05	5.046380e-08	1.01	0.000000e+00	0.000000e+00	350.00	202
dyads_m4	15.2	19	20071102	582	2.899607e-05	4.466245e-08	0.90	0.000000e+00	0.000000e+00	350.00	203
dyads_m4	15.3	13	20071115	569	2.834840e-05	3.658547e-08	0.73	0.000000e+00	0.000000e+00	350.00	204
dyads_m4	15.4	18	20071133	551	2.745161e-05	3.017045e-08	0.61	0.000000e+00	0.000000e+00	350.00	205
dyads_m4	15.5	89	20071222	462	2.301750e-05	2.505734e-08	0.50	0.000000e+00	0.000000e+00	350.00	206
dyads_m4	15.6	14	20071236	448	2.232000e-05	2.151369e-08	0.43	0.000000e+00	0.000000e+00	350.00	207
dyads_m4	15.8	2	20071238	446	2.222036e-05	1.404264e-08	0.28	0.000000e+00	0.000000e+00	350.00	208
dyads_m4	15.9	208	20071446	238	1.185750e-05	1.201483e-08	0.24	0.000000e+00	0.000000e+00	350.00	209
dyads_m4	16.0	2	20071448	236	1.175786e-05	8.916054e-09	0.18	0.000000e+00	0.000000e+00	350.00	210
dyads_m4	16.1	35	20071483	201	1.001411e-05	8.245450e-09	0.17	0.000000e+00	0.000000e+00	350.00	211
dyads_m4	16.2	4	20071487	197	9.814822e-06	7.566035e-09	0.15	0.000000e+00	0.000000e+00	350.00	212
dyads_m4	16.3	1	20071488	196	9.765001e-06	4.600522e-09	0.09	0.000000e+00	0.000000e+00	350.00	213
dyads_m4	16.4	7	20071495	189	9.416251e-06	4.600522e-09	0.09	0.000000e+00	0.000000e+00	350.00	214
dyads_m4	16.5	1	20071496	188	9.366429e-06	2.788250e-09	0.06	0.000000e+00	0.000000e+00	350.00	215
dyads_m4	16.6	8	20071504	180	8.967858e-06	2.696236e-09	0.05	0.000000e+00	0.000000e+00	350.00	216
dyads_m4	16.9	4	20071508	176	8.768572e-06	1.532390e-09	0.03	0.000000e+00	0.000000e+00	350.00	217
dyads_m4	17.2	176	20071684	0	0.000000e+00	6.476055e-10	0.01	1.000000e+00	2.180000e+02	-2.34	218
; Number of sequences scanned	43038
; Sum of sequence lengths	10681503
; N residues           	63
; Matches per matrix
;	matrix	name    	matches	scored
;	1	dyads_m4       	20071683	20071683
;		TOTAL          	20071683	20071683
; Host name	rsat
; Job started	2014-09-03.192419
; Job done	2014-09-03.192438
; Seconds	10.83
;	user	10.83
;	system	0.04
;	cuser	0.57
;	csystem	0.02
