; matrix-scan  -v 1 -quick -seq_format fasta -i $RSAT/public_html/tmp/wwwrun/2014/09/03/peak-motifs.2014-09-03.094519_2014-09-03.094519_gM9GBj/data/sequences/peak-motifs_test_maxlen1000.fasta -matrix_format transfac -m $RSAT/public_html/tmp/wwwrun/2014/09/03/peak-motifs.2014-09-03.094519_2014-09-03.094519_gM9GBj/results/discovered_motifs/positions_6nt_m4/peak-motifs_positions_6nt_m4.tf -pseudo 1 -2str -decimals 1 -bg_pseudo 0.01 -n score -lth score -5 -bginput -markov 1 -return distrib -return occ_proba -o $RSAT/public_html/tmp/wwwrun/2014/09/03/peak-motifs.2014-09-03.094519_2014-09-03.094519_gM9GBj/results/discovered_motifs/positions_6nt_m4/peak-motifs_positions_6nt_m4_scan_mkv1_enrichment.tab
; Quick counting mode          
; Input files
;	input	/home/rsat/rsat/public_html/tmp/wwwrun/2014/09/03/peak-motifs.2014-09-03.094519_2014-09-03.094519_gM9GBj/data/sequences/peak-motifs_test_maxlen1000.fasta
; Matrix files
;	matrix 1	/home/rsat/rsat/public_html/tmp/wwwrun/2014/09/03/peak-motifs.2014-09-03.094519_2014-09-03.094519_gM9GBj/results/discovered_motifs/positions_6nt_m4/peak-motifs_positions_6nt_m4.tf
; Sequence format      	fasta
; Output files
;	output	/home/rsat/rsat/public_html/tmp/wwwrun/2014/09/03/peak-motifs.2014-09-03.094519_2014-09-03.094519_gM9GBj/results/discovered_motifs/positions_6nt_m4/peak-motifs_positions_6nt_m4_scan_mkv1_enrichment.tab
; Pseudo counts        	1
; Background model
;	Method        	input
;	Markov order  	1
;	Strand        	undef
;	Background pseudo-frequency	0.01
;	Residue probabilities
;		a	0.28684
;		c	0.21288
;		g	0.21268
;		t	0.28760
; Thresholds	lower	upper
;	score 	-5   	NA
;
; Matrices
;	matrix	name            	ncol	nrow	pseudo	Wmin	Wmax	Wrange
;	1	positions_6nt_m4	18	4	1	-51.800	19.300	71.100	a:0.287 c:0.213 g:0.213 t:0.288 
;
; Score distribution
#matrix	score	occ	occ_cum	inv_cum	inv_cum_freq	occ_prior	exp_occ	occ_Pval	occ_Eval	occ_sig	occ_sig_rank
positions_6nt_m4	-5.0	3065	20432540	105074	5.116174e-03	4.136963e-03	84963.34	0.000000e+00	0.000000e+00	350.00	1
positions_6nt_m4	-4.9	2932	20435472	102142	4.973411e-03	3.981042e-03	81761.11	0.000000e+00	0.000000e+00	350.00	2
positions_6nt_m4	-4.8	3000	20438472	99142	4.827338e-03	3.857359e-03	79220.96	0.000000e+00	0.000000e+00	350.00	3
positions_6nt_m4	-4.7	2802	20441274	96340	4.690905e-03	3.711173e-03	76218.63	0.000000e+00	0.000000e+00	350.00	4
positions_6nt_m4	-4.6	2673	20443947	93667	4.560754e-03	3.582498e-03	73575.95	0.000000e+00	0.000000e+00	350.00	5
positions_6nt_m4	-4.5	2701	20446648	90966	4.429239e-03	3.470228e-03	71270.20	0.000000e+00	0.000000e+00	350.00	6
positions_6nt_m4	-4.4	2621	20449269	88345	4.301620e-03	3.337219e-03	68538.52	0.000000e+00	0.000000e+00	350.00	7
positions_6nt_m4	-4.3	2506	20451775	85839	4.179600e-03	3.232010e-03	66377.77	0.000000e+00	0.000000e+00	350.00	8
positions_6nt_m4	-4.2	2379	20454154	83460	4.063763e-03	3.118437e-03	64045.25	0.000000e+00	0.000000e+00	350.00	9
positions_6nt_m4	-4.1	2316	20456470	81144	3.950995e-03	2.997755e-03	61566.73	0.000000e+00	0.000000e+00	350.00	10
positions_6nt_m4	-4.0	2298	20458768	78846	3.839102e-03	2.901922e-03	59598.56	0.000000e+00	0.000000e+00	350.00	11
positions_6nt_m4	-3.9	2194	20460962	76652	3.732274e-03	2.788586e-03	57270.90	0.000000e+00	0.000000e+00	350.00	12
positions_6nt_m4	-3.8	2026	20462988	74626	3.633626e-03	2.688869e-03	55222.96	0.000000e+00	0.000000e+00	350.00	13
positions_6nt_m4	-3.7	2021	20465009	72605	3.535221e-03	2.592358e-03	53240.84	0.000000e+00	0.000000e+00	350.00	14
positions_6nt_m4	-3.6	1998	20467007	70607	3.437936e-03	2.508171e-03	51511.85	0.000000e+00	0.000000e+00	350.00	15
positions_6nt_m4	-3.5	1934	20468941	68673	3.343767e-03	2.417403e-03	49647.69	0.000000e+00	0.000000e+00	350.00	16
positions_6nt_m4	-3.4	2014	20470955	66659	3.245703e-03	2.320742e-03	47662.51	0.000000e+00	0.000000e+00	350.00	17
positions_6nt_m4	-3.3	1867	20472822	64792	3.154797e-03	2.235889e-03	45919.83	0.000000e+00	0.000000e+00	350.00	18
positions_6nt_m4	-3.2	1816	20474638	62976	3.066374e-03	2.161653e-03	44395.20	0.000000e+00	0.000000e+00	350.00	19
positions_6nt_m4	-3.1	1801	20476439	61175	2.978681e-03	2.081743e-03	42754.04	0.000000e+00	0.000000e+00	350.00	20
positions_6nt_m4	-3.0	1676	20478115	59499	2.897075e-03	2.004338e-03	41164.32	0.000000e+00	0.000000e+00	350.00	21
positions_6nt_m4	-2.9	1717	20479832	57782	2.813472e-03	1.922103e-03	39475.41	0.000000e+00	0.000000e+00	350.00	22
positions_6nt_m4	-2.8	1679	20481511	56103	2.731720e-03	1.849773e-03	37989.92	0.000000e+00	0.000000e+00	350.00	23
positions_6nt_m4	-2.7	1647	20483158	54456	2.651525e-03	1.779746e-03	36551.74	0.000000e+00	0.000000e+00	350.00	24
positions_6nt_m4	-2.6	1586	20484744	52870	2.574301e-03	1.718629e-03	35296.54	0.000000e+00	0.000000e+00	350.00	25
positions_6nt_m4	-2.5	1509	20486253	51361	2.500826e-03	1.652979e-03	33948.25	0.000000e+00	0.000000e+00	350.00	26
positions_6nt_m4	-2.4	1479	20487732	49882	2.428812e-03	1.583351e-03	32518.25	0.000000e+00	0.000000e+00	350.00	27
positions_6nt_m4	-2.3	1455	20489187	48427	2.357966e-03	1.522345e-03	31265.33	0.000000e+00	0.000000e+00	350.00	28
positions_6nt_m4	-2.2	1439	20490626	46988	2.287900e-03	1.469131e-03	30172.44	0.000000e+00	0.000000e+00	350.00	29
positions_6nt_m4	-2.1	1356	20491982	45632	2.221875e-03	1.411926e-03	28997.59	0.000000e+00	0.000000e+00	350.00	30
positions_6nt_m4	-2.0	1304	20493286	44328	2.158381e-03	1.356752e-03	27864.45	0.000000e+00	0.000000e+00	350.00	31
positions_6nt_m4	-1.9	1339	20494625	42989	2.093184e-03	1.303635e-03	26773.56	0.000000e+00	0.000000e+00	350.00	32
positions_6nt_m4	-1.8	1282	20495907	41707	2.030762e-03	1.247528e-03	25621.25	0.000000e+00	0.000000e+00	350.00	33
positions_6nt_m4	-1.7	1217	20497124	40490	1.971505e-03	1.198478e-03	24613.87	0.000000e+00	0.000000e+00	350.00	34
positions_6nt_m4	-1.6	1203	20498327	39287	1.912929e-03	1.155844e-03	23738.27	0.000000e+00	0.000000e+00	350.00	35
positions_6nt_m4	-1.5	1193	20499520	38094	1.854841e-03	1.105697e-03	22708.38	0.000000e+00	0.000000e+00	350.00	36
positions_6nt_m4	-1.4	1154	20500674	36940	1.798651e-03	1.066190e-03	21897.00	0.000000e+00	0.000000e+00	350.00	37
positions_6nt_m4	-1.3	1072	20501746	35868	1.746454e-03	1.019791e-03	20944.07	0.000000e+00	0.000000e+00	350.00	38
positions_6nt_m4	-1.2	1042	20502788	34826	1.695718e-03	9.831762e-04	20192.09	0.000000e+00	0.000000e+00	350.00	39
positions_6nt_m4	-1.1	1003	20503791	33823	1.646881e-03	9.439396e-04	19386.27	0.000000e+00	0.000000e+00	350.00	40
positions_6nt_m4	-1.0	935	20504726	32888	1.601355e-03	9.024422e-04	18534.01	0.000000e+00	0.000000e+00	350.00	41
positions_6nt_m4	-0.9	910	20505636	31978	1.557046e-03	8.697919e-04	17863.45	0.000000e+00	0.000000e+00	350.00	42
positions_6nt_m4	-0.8	919	20506555	31059	1.512298e-03	8.347192e-04	17143.14	0.000000e+00	0.000000e+00	350.00	43
positions_6nt_m4	-0.7	913	20507468	30146	1.467843e-03	7.977358e-04	16383.59	0.000000e+00	0.000000e+00	350.00	44
positions_6nt_m4	-0.6	803	20508271	29343	1.428744e-03	7.652723e-04	15716.87	0.000000e+00	0.000000e+00	350.00	45
positions_6nt_m4	-0.5	832	20509103	28511	1.388233e-03	7.340974e-04	15076.61	0.000000e+00	0.000000e+00	350.00	46
positions_6nt_m4	-0.4	848	20509951	27663	1.346943e-03	7.039929e-04	14458.33	0.000000e+00	0.000000e+00	350.00	47
positions_6nt_m4	-0.3	759	20510710	26904	1.309987e-03	6.778777e-04	13921.99	0.000000e+00	0.000000e+00	350.00	48
positions_6nt_m4	-0.2	772	20511482	26132	1.272397e-03	6.498288e-04	13345.93	0.000000e+00	0.000000e+00	350.00	49
positions_6nt_m4	-0.1	728	20512210	25404	1.236950e-03	6.227705e-04	12790.22	0.000000e+00	0.000000e+00	350.00	50
positions_6nt_m4	0.0	658	20512868	24746	1.204911e-03	5.940488e-04	12200.34	0.000000e+00	0.000000e+00	350.00	51
positions_6nt_m4	0.1	708	20513576	24038	1.170438e-03	5.714371e-04	11735.95	0.000000e+00	0.000000e+00	350.00	52
positions_6nt_m4	0.2	682	20514258	23356	1.137231e-03	5.447723e-04	11188.32	0.000000e+00	0.000000e+00	350.00	53
positions_6nt_m4	0.3	657	20514915	22699	1.105240e-03	5.215451e-04	10711.29	0.000000e+00	0.000000e+00	350.00	54
positions_6nt_m4	0.4	638	20515553	22061	1.074175e-03	4.990850e-04	10250.01	0.000000e+00	0.000000e+00	350.00	55
positions_6nt_m4	0.5	603	20516156	21458	1.044815e-03	4.796021e-04	9849.88	0.000000e+00	0.000000e+00	350.00	56
positions_6nt_m4	0.6	574	20516730	20884	1.016866e-03	4.586695e-04	9419.98	0.000000e+00	0.000000e+00	350.00	57
positions_6nt_m4	0.7	609	20517339	20275	9.872131e-04	4.386138e-04	9008.08	0.000000e+00	0.000000e+00	350.00	58
positions_6nt_m4	0.8	595	20517934	19680	9.582418e-04	4.193338e-04	8612.12	0.000000e+00	0.000000e+00	350.00	59
positions_6nt_m4	0.9	531	20518465	19149	9.323868e-04	3.990521e-04	8195.58	0.000000e+00	0.000000e+00	350.00	60
positions_6nt_m4	1.0	572	20519037	18577	9.045355e-04	3.813161e-04	7831.32	0.000000e+00	0.000000e+00	350.00	61
positions_6nt_m4	1.1	491	20519528	18086	8.806281e-04	3.660001e-04	7516.77	0.000000e+00	0.000000e+00	350.00	62
positions_6nt_m4	1.2	577	20520105	17509	8.525333e-04	3.479993e-04	7147.08	0.000000e+00	0.000000e+00	350.00	63
positions_6nt_m4	1.3	546	20520651	16963	8.259480e-04	3.323729e-04	6826.15	0.000000e+00	0.000000e+00	350.00	64
positions_6nt_m4	1.4	506	20521157	16457	8.013103e-04	3.188601e-04	6548.62	0.000000e+00	0.000000e+00	350.00	65
positions_6nt_m4	1.5	495	20521652	15962	7.772081e-04	3.030902e-04	6224.75	0.000000e+00	0.000000e+00	350.00	66
positions_6nt_m4	1.6	476	20522128	15486	7.540312e-04	2.907339e-04	5970.98	0.000000e+00	0.000000e+00	350.00	67
positions_6nt_m4	1.7	446	20522574	15040	7.323149e-04	2.762558e-04	5673.63	0.000000e+00	0.000000e+00	350.00	68
positions_6nt_m4	1.8	471	20523045	14569	7.093814e-04	2.648853e-04	5440.11	0.000000e+00	0.000000e+00	350.00	69
positions_6nt_m4	1.9	480	20523525	14089	6.860096e-04	2.528072e-04	5192.06	0.000000e+00	0.000000e+00	350.00	70
positions_6nt_m4	2.0	398	20523923	13691	6.666305e-04	2.401270e-04	4931.64	0.000000e+00	0.000000e+00	350.00	71
positions_6nt_m4	2.1	392	20524315	13299	6.475436e-04	2.291652e-04	4706.51	0.000000e+00	0.000000e+00	350.00	72
positions_6nt_m4	2.2	417	20524732	12882	6.272394e-04	2.186642e-04	4490.84	0.000000e+00	0.000000e+00	350.00	73
positions_6nt_m4	2.3	381	20525113	12501	6.086881e-04	2.086193e-04	4284.54	0.000000e+00	0.000000e+00	350.00	74
positions_6nt_m4	2.4	362	20525475	12139	5.910619e-04	1.999607e-04	4106.72	0.000000e+00	0.000000e+00	350.00	75
positions_6nt_m4	2.5	367	20525842	11772	5.731922e-04	1.907417e-04	3917.38	0.000000e+00	0.000000e+00	350.00	76
positions_6nt_m4	2.6	363	20526205	11409	5.555173e-04	1.810836e-04	3719.02	0.000000e+00	0.000000e+00	350.00	77
positions_6nt_m4	2.7	348	20526553	11061	5.385728e-04	1.727162e-04	3547.18	0.000000e+00	0.000000e+00	350.00	78
positions_6nt_m4	2.8	363	20526916	10698	5.208979e-04	1.654657e-04	3398.27	0.000000e+00	0.000000e+00	350.00	79
positions_6nt_m4	2.9	351	20527267	10347	5.038073e-04	1.577587e-04	3239.99	0.000000e+00	0.000000e+00	350.00	80
positions_6nt_m4	3.0	332	20527599	10015	4.876419e-04	1.503415e-04	3087.66	0.000000e+00	0.000000e+00	350.00	81
positions_6nt_m4	3.1	329	20527928	9686	4.716225e-04	1.425536e-04	2927.71	0.000000e+00	0.000000e+00	350.00	82
positions_6nt_m4	3.2	301	20528229	9385	4.569664e-04	1.357795e-04	2788.59	0.000000e+00	0.000000e+00	350.00	83
positions_6nt_m4	3.3	281	20528510	9104	4.432842e-04	1.292483e-04	2654.45	0.000000e+00	0.000000e+00	350.00	84
positions_6nt_m4	3.4	265	20528775	8839	4.303811e-04	1.236089e-04	2538.63	0.000000e+00	0.000000e+00	350.00	85
positions_6nt_m4	3.5	257	20529032	8582	4.178675e-04	1.176002e-04	2415.23	0.000000e+00	0.000000e+00	350.00	86
positions_6nt_m4	3.6	240	20529272	8342	4.061816e-04	1.112470e-04	2284.75	0.000000e+00	0.000000e+00	350.00	87
positions_6nt_m4	3.7	267	20529539	8075	3.931810e-04	1.057585e-04	2172.03	0.000000e+00	0.000000e+00	350.00	88
positions_6nt_m4	3.8	248	20529787	7827	3.811056e-04	1.009735e-04	2073.75	0.000000e+00	0.000000e+00	350.00	89
positions_6nt_m4	3.9	250	20530037	7577	3.689328e-04	9.588102e-05	1969.17	0.000000e+00	0.000000e+00	350.00	90
positions_6nt_m4	4.0	268	20530305	7309	3.558836e-04	9.099844e-05	1868.89	0.000000e+00	0.000000e+00	350.00	91
positions_6nt_m4	4.1	244	20530549	7065	3.440030e-04	8.587271e-05	1763.62	0.000000e+00	0.000000e+00	350.00	92
positions_6nt_m4	4.2	182	20530731	6883	3.351412e-04	8.187183e-05	1681.45	0.000000e+00	0.000000e+00	350.00	93
positions_6nt_m4	4.3	207	20530938	6676	3.250621e-04	7.722457e-05	1586.01	0.000000e+00	0.000000e+00	350.00	94
positions_6nt_m4	4.4	209	20531147	6467	3.148857e-04	7.320751e-05	1503.51	0.000000e+00	0.000000e+00	350.00	95
positions_6nt_m4	4.5	216	20531363	6251	3.043684e-04	6.977256e-05	1432.96	0.000000e+00	0.000000e+00	350.00	96
positions_6nt_m4	4.6	225	20531588	6026	2.934129e-04	6.575033e-05	1350.35	0.000000e+00	0.000000e+00	350.00	97
positions_6nt_m4	4.7	229	20531817	5797	2.822626e-04	6.264162e-05	1286.51	0.000000e+00	0.000000e+00	350.00	98
positions_6nt_m4	4.8	196	20532013	5601	2.727191e-04	5.935015e-05	1218.91	0.000000e+00	0.000000e+00	350.00	99
positions_6nt_m4	4.9	180	20532193	5421	2.639547e-04	5.594555e-05	1148.99	0.000000e+00	0.000000e+00	350.00	100
positions_6nt_m4	5.0	172	20532365	5249	2.555798e-04	5.328097e-05	1094.26	0.000000e+00	0.000000e+00	350.00	101
positions_6nt_m4	5.1	190	20532555	5059	2.463285e-04	5.020160e-05	1031.02	0.000000e+00	0.000000e+00	350.00	102
positions_6nt_m4	5.2	177	20532732	4882	2.377102e-04	4.779825e-05	981.66	0.000000e+00	0.000000e+00	350.00	103
positions_6nt_m4	5.3	149	20532881	4733	2.304552e-04	4.503917e-05	925.00	0.000000e+00	0.000000e+00	350.00	104
positions_6nt_m4	5.4	164	20533045	4569	2.224699e-04	4.267634e-05	876.47	0.000000e+00	0.000000e+00	350.00	105
positions_6nt_m4	5.5	161	20533206	4408	2.146306e-04	4.066819e-05	835.23	0.000000e+00	0.000000e+00	350.00	106
positions_6nt_m4	5.6	159	20533365	4249	2.068887e-04	3.833625e-05	787.34	0.000000e+00	0.000000e+00	350.00	107
positions_6nt_m4	5.7	149	20533514	4100	1.996337e-04	3.652214e-05	750.08	0.000000e+00	0.000000e+00	350.00	108
positions_6nt_m4	5.8	148	20533662	3952	1.924274e-04	3.459269e-05	710.45	0.000000e+00	0.000000e+00	350.00	109
positions_6nt_m4	5.9	174	20533836	3778	1.839552e-04	3.259027e-05	669.33	0.000000e+00	0.000000e+00	350.00	110
positions_6nt_m4	6.0	135	20533971	3643	1.773819e-04	3.103960e-05	637.48	0.000000e+00	0.000000e+00	350.00	111
positions_6nt_m4	6.1	155	20534126	3488	1.698347e-04	2.923408e-05	600.40	0.000000e+00	0.000000e+00	350.00	112
positions_6nt_m4	6.2	145	20534271	3343	1.627745e-04	2.781447e-05	571.24	0.000000e+00	0.000000e+00	350.00	113
positions_6nt_m4	6.3	117	20534388	3226	1.570777e-04	2.616133e-05	537.29	0.000000e+00	0.000000e+00	350.00	114
positions_6nt_m4	6.4	109	20534497	3117	1.517703e-04	2.473373e-05	507.97	0.000000e+00	0.000000e+00	350.00	115
positions_6nt_m4	6.5	131	20534628	2986	1.453918e-04	2.351159e-05	482.87	0.000000e+00	0.000000e+00	350.00	116
positions_6nt_m4	6.6	156	20534784	2830	1.377960e-04	2.208487e-05	453.57	0.000000e+00	0.000000e+00	350.00	117
positions_6nt_m4	6.7	92	20534876	2738	1.333164e-04	2.096910e-05	430.66	0.000000e+00	0.000000e+00	350.00	118
positions_6nt_m4	6.8	99	20534975	2639	1.284959e-04	1.978777e-05	406.39	0.000000e+00	0.000000e+00	350.00	119
positions_6nt_m4	6.9	104	20535079	2535	1.234321e-04	1.855365e-05	381.05	0.000000e+00	0.000000e+00	350.00	120
positions_6nt_m4	7.0	118	20535197	2417	1.176865e-04	1.759878e-05	361.44	0.000000e+00	0.000000e+00	350.00	121
positions_6nt_m4	7.1	86	20535283	2331	1.134991e-04	1.647802e-05	338.42	0.000000e+00	0.000000e+00	350.00	122
positions_6nt_m4	7.2	85	20535368	2246	1.093603e-04	1.560024e-05	320.39	0.000000e+00	0.000000e+00	350.00	123
positions_6nt_m4	7.3	70	20535438	2176	1.059519e-04	1.458972e-05	299.64	0.000000e+00	0.000000e+00	350.00	124
positions_6nt_m4	7.4	95	20535533	2081	1.013263e-04	1.371879e-05	281.75	0.000000e+00	0.000000e+00	350.00	125
positions_6nt_m4	7.5	75	20535608	2006	9.767445e-05	1.297279e-05	266.43	0.000000e+00	0.000000e+00	350.00	126
positions_6nt_m4	7.6	76	20535684	1930	9.397392e-05	1.210512e-05	248.61	0.000000e+00	0.000000e+00	350.00	127
positions_6nt_m4	7.7	77	20535761	1853	9.022470e-05	1.142838e-05	234.71	0.000000e+00	0.000000e+00	350.00	128
positions_6nt_m4	7.8	68	20535829	1785	8.691370e-05	1.071838e-05	220.13	0.000000e+00	0.000000e+00	350.00	129
positions_6nt_m4	7.9	82	20535911	1703	8.292103e-05	9.987223e-06	205.11	0.000000e+00	0.000000e+00	350.00	130
positions_6nt_m4	8.0	53	20535964	1650	8.034040e-05	9.420672e-06	193.48	0.000000e+00	0.000000e+00	350.00	131
positions_6nt_m4	8.1	77	20536041	1573	7.659118e-05	8.831257e-06	181.37	0.000000e+00	0.000000e+00	350.00	132
positions_6nt_m4	8.2	56	20536097	1517	7.386447e-05	8.271380e-06	169.87	0.000000e+00	0.000000e+00	350.00	133
positions_6nt_m4	8.3	62	20536159	1455	7.084562e-05	7.697938e-06	158.10	0.000000e+00	0.000000e+00	350.00	134
positions_6nt_m4	8.4	65	20536224	1390	6.768070e-05	7.210683e-06	148.09	0.000000e+00	0.000000e+00	350.00	135
positions_6nt_m4	8.5	64	20536288	1326	6.456447e-05	6.754905e-06	138.73	0.000000e+00	0.000000e+00	350.00	136
positions_6nt_m4	8.6	44	20536332	1282	6.242205e-05	6.370536e-06	130.84	0.000000e+00	0.000000e+00	350.00	137
positions_6nt_m4	8.7	60	20536392	1222	5.950059e-05	5.974707e-06	122.71	0.000000e+00	0.000000e+00	350.00	138
positions_6nt_m4	8.8	49	20536441	1173	5.711472e-05	5.605773e-06	115.13	0.000000e+00	0.000000e+00	350.00	139
positions_6nt_m4	8.9	49	20536490	1124	5.472885e-05	5.241508e-06	107.65	0.000000e+00	0.000000e+00	350.00	140
positions_6nt_m4	9.0	52	20536542	1072	5.219691e-05	4.925547e-06	101.16	0.000000e+00	0.000000e+00	350.00	141
positions_6nt_m4	9.1	85	20536627	987	4.805817e-05	4.657087e-06	95.65	0.000000e+00	0.000000e+00	350.00	142
positions_6nt_m4	9.2	45	20536672	942	4.586706e-05	4.376053e-06	89.87	0.000000e+00	0.000000e+00	350.00	143
positions_6nt_m4	9.3	35	20536707	907	4.416287e-05	4.088096e-06	83.96	0.000000e+00	0.000000e+00	350.00	144
positions_6nt_m4	9.4	36	20536743	871	4.240999e-05	3.844852e-06	78.96	0.000000e+00	0.000000e+00	350.00	145
positions_6nt_m4	9.5	40	20536783	831	4.046235e-05	3.615970e-06	74.26	0.000000e+00	0.000000e+00	350.00	146
positions_6nt_m4	9.6	30	20536813	801	3.900161e-05	3.415201e-06	70.14	0.000000e+00	0.000000e+00	350.00	147
positions_6nt_m4	9.7	31	20536844	770	3.749219e-05	3.205794e-06	65.84	0.000000e+00	0.000000e+00	350.00	148
positions_6nt_m4	9.8	43	20536887	727	3.539847e-05	3.003883e-06	61.69	0.000000e+00	0.000000e+00	350.00	149
positions_6nt_m4	9.9	18	20536905	709	3.452203e-05	2.797353e-06	57.45	0.000000e+00	0.000000e+00	350.00	150
positions_6nt_m4	10.0	33	20536938	676	3.291522e-05	2.619407e-06	53.80	0.000000e+00	0.000000e+00	350.00	151
positions_6nt_m4	10.1	36	20536974	640	3.116234e-05	2.466569e-06	50.66	0.000000e+00	0.000000e+00	350.00	152
positions_6nt_m4	10.2	24	20536998	616	2.999375e-05	2.302190e-06	47.28	0.000000e+00	0.000000e+00	350.00	153
positions_6nt_m4	10.3	30	20537028	586	2.853301e-05	2.126722e-06	43.68	0.000000e+00	0.000000e+00	350.00	154
positions_6nt_m4	10.4	22	20537050	564	2.746181e-05	1.978400e-06	40.63	0.000000e+00	0.000000e+00	350.00	155
positions_6nt_m4	10.5	18	20537068	546	2.658537e-05	1.837408e-06	37.74	0.000000e+00	0.000000e+00	350.00	156
positions_6nt_m4	10.6	24	20537092	522	2.541678e-05	1.718974e-06	35.30	0.000000e+00	0.000000e+00	350.00	157
positions_6nt_m4	10.7	25	20537117	497	2.419950e-05	1.593946e-06	32.74	0.000000e+00	0.000000e+00	350.00	158
positions_6nt_m4	10.8	26	20537143	471	2.293353e-05	1.472687e-06	30.25	0.000000e+00	0.000000e+00	350.00	159
positions_6nt_m4	10.9	26	20537169	445	2.166756e-05	1.351892e-06	27.76	0.000000e+00	0.000000e+00	350.00	160
positions_6nt_m4	11.0	25	20537194	420	2.045028e-05	1.247749e-06	25.63	0.000000e+00	0.000000e+00	350.00	161
positions_6nt_m4	11.1	23	20537217	397	1.933039e-05	1.159040e-06	23.80	0.000000e+00	0.000000e+00	350.00	162
positions_6nt_m4	11.2	14	20537231	383	1.864871e-05	1.068794e-06	21.95	3.488103e-321	7.499422e-319	318.12	163
positions_6nt_m4	11.3	20	20537251	363	1.767489e-05	9.752888e-07	20.03	3.622697e-310	7.788799e-308	307.11	164
positions_6nt_m4	11.4	22	20537273	341	1.660368e-05	8.995006e-07	18.47	4.504759e-294	9.685231e-292	291.01	165
positions_6nt_m4	11.5	14	20537287	327	1.592201e-05	8.303872e-07	17.05	3.349256e-287	7.200901e-285	284.14	166
positions_6nt_m4	11.6	21	20537308	306	1.489949e-05	7.741069e-07	15.90	2.250712e-269	4.839031e-267	266.32	167
positions_6nt_m4	11.7	19	20537327	287	1.397436e-05	7.152282e-07	14.69	1.486854e-254	3.196737e-252	251.50	168
positions_6nt_m4	11.8	12	20537339	275	1.339007e-05	6.615454e-07	13.59	5.264833e-248	1.131939e-245	244.95	169
positions_6nt_m4	11.9	17	20537356	258	1.256232e-05	6.074343e-07	12.48	4.252332e-235	9.142515e-233	232.04	170
positions_6nt_m4	12.0	12	20537368	246	1.197802e-05	5.619483e-07	11.54	2.467555e-227	5.305242e-225	224.28	171
positions_6nt_m4	12.1	12	20537380	234	1.139373e-05	5.248004e-07	10.78	3.970409e-218	8.536379e-216	215.07	172
positions_6nt_m4	12.2	7	20537387	227	1.105289e-05	4.870345e-07	10.00	7.754691e-216	1.667259e-213	212.78	173
positions_6nt_m4	12.3	13	20537400	214	1.041991e-05	4.488244e-07	9.22	1.292473e-205	2.778818e-203	202.56	174
positions_6nt_m4	12.4	15	20537415	199	9.689539e-06	4.167283e-07	8.56	1.794698e-191	3.858601e-189	188.41	175
positions_6nt_m4	12.5	6	20537421	193	9.397392e-06	3.864893e-07	7.94	2.368304e-189	5.091854e-187	186.29	176
positions_6nt_m4	12.6	9	20537430	184	8.959172e-06	3.598897e-07	7.39	2.012635e-182	4.327165e-180	179.36	177
positions_6nt_m4	12.7	9	20537439	175	8.520951e-06	3.344922e-07	6.87	2.795073e-175	6.009407e-173	172.22	178
positions_6nt_m4	12.8	9	20537448	166	8.082731e-06	3.107179e-07	6.38	8.070921e-168	1.735248e-165	164.76	179
positions_6nt_m4	12.9	16	20537464	150	7.303673e-06	2.871217e-07	5.90	1.957197e-150	4.207974e-148	147.38	180
positions_6nt_m4	13.0	8	20537472	142	6.914143e-06	2.655508e-07	5.45	6.738850e-144	1.448853e-141	140.84	181
positions_6nt_m4	13.1	9	20537481	133	6.475923e-06	2.485860e-07	5.11	6.231746e-135	1.339825e-132	131.87	182
positions_6nt_m4	13.2	8	20537489	125	6.086394e-06	2.297636e-07	4.72	8.340777e-128	1.793267e-125	124.75	183
positions_6nt_m4	13.3	7	20537496	118	5.745556e-06	2.120133e-07	4.35	7.016128e-122	1.508468e-119	118.82	184
positions_6nt_m4	13.4	5	20537501	113	5.502100e-06	1.968219e-07	4.04	2.883564e-118	6.199662e-116	115.21	185
positions_6nt_m4	13.5	7	20537508	106	5.161262e-06	1.825875e-07	3.75	1.491932e-111	3.207654e-109	108.49	186
positions_6nt_m4	13.6	3	20537511	103	5.015188e-06	1.697833e-07	3.49	2.379125e-110	5.115119e-108	107.29	187
positions_6nt_m4	13.7	3	20537514	100	4.869115e-06	1.563203e-07	3.21	2.023859e-109	4.351296e-107	106.36	188
positions_6nt_m4	13.8	3	20537517	97	4.723042e-06	1.431172e-07	2.94	1.489148e-108	3.201667e-106	105.49	189
positions_6nt_m4	13.9	5	20537522	92	4.479586e-06	1.298641e-07	2.67	9.017539e-105	1.938771e-102	101.71	190
positions_6nt_m4	14.0	4	20537526	88	4.284821e-06	1.182656e-07	2.43	4.024491e-102	8.652656e-100	99.06	191
positions_6nt_m4	14.1	9	20537535	79	3.846601e-06	1.086502e-07	2.23	4.259512e-91	9.157950e-89	88.04	192
positions_6nt_m4	14.2	5	20537540	74	3.603145e-06	9.751305e-08	2.00	8.744445e-87	1.880056e-84	83.73	193
positions_6nt_m4	14.3	6	20537546	68	3.310998e-06	8.631332e-08	1.77	5.670529e-81	1.219164e-78	77.91	194
positions_6nt_m4	14.4	5	20537551	63	3.067542e-06	7.721312e-08	1.59	4.366273e-76	9.387488e-74	73.03	195
positions_6nt_m4	14.5	6	20537557	57	2.775396e-06	6.793304e-08	1.40	1.098611e-69	2.362013e-67	66.63	196
positions_6nt_m4	14.6	5	20537562	52	2.531940e-06	6.081512e-08	1.25	3.823348e-64	8.220198e-62	61.09	197
positions_6nt_m4	14.7	5	20537567	47	2.288484e-06	5.370026e-08	1.10	1.309683e-58	2.815819e-56	55.55	198
positions_6nt_m4	14.8	6	20537573	41	1.996337e-06	4.741738e-08	0.97	3.897570e-51	8.379775e-49	48.08	199
positions_6nt_m4	14.9	3	20537576	38	1.850264e-06	4.141654e-08	0.85	1.782919e-48	3.833277e-46	45.42	200
positions_6nt_m4	15.0	3	20537579	35	1.704190e-06	3.704356e-08	0.76	3.227126e-45	6.938321e-43	42.16	201
positions_6nt_m4	15.1	8	20537587	27	1.314661e-06	3.309693e-08	0.68	1.417705e-33	3.048066e-31	30.52	202
positions_6nt_m4	15.2	3	20537590	24	1.168588e-06	2.971584e-08	0.61	6.395508e-30	1.375034e-27	26.86	203
positions_6nt_m4	15.3	4	20537594	20	9.738230e-07	2.653738e-08	0.55	1.308398e-24	2.813055e-22	21.55	204
positions_6nt_m4	15.4	3	20537597	17	8.277496e-07	2.378735e-08	0.49	9.118539e-21	1.960486e-18	17.71	205
positions_6nt_m4	15.5	1	20537598	16	7.790584e-07	2.147757e-08	0.44	6.482947e-20	1.393834e-17	16.86	206
positions_6nt_m4	15.6	1	20537599	15	7.303673e-07	1.962152e-08	0.40	6.291970e-19	1.352774e-16	15.87	207
positions_6nt_m4	16.1	1	20537600	14	6.816761e-07	1.352811e-08	0.28	1.445624e-19	3.108092e-17	16.51	208
positions_6nt_m4	16.2	6	20537606	8	3.895292e-07	1.295050e-08	0.27	4.905098e-10	1.054596e-07	6.98	209
positions_6nt_m4	16.3	1	20537607	7	3.408381e-07	1.231768e-08	0.25	1.054774e-08	2.267765e-06	5.64	210
positions_6nt_m4	16.5	2	20537609	5	2.434558e-07	1.068224e-08	0.22	3.529325e-06	7.588050e-04	3.12	211
positions_6nt_m4	16.6	1	20537610	4	1.947646e-07	9.797711e-09	0.20	5.818522e-05	1.250982e-02	1.90	212
positions_6nt_m4	17.2	2	20537612	2	9.738230e-08	4.076269e-09	0.08	3.314682e-03	7.126567e-01	0.15	213
positions_6nt_m4	17.3	1	20537613	1	4.869115e-08	3.484226e-09	0.07	6.905742e-02	1.484735e+01	-1.17	214
positions_6nt_m4	18.0	1	20537614	0	0.000000e+00	8.270150e-10	0.02	1.000000e+00	2.150000e+02	-2.33	215
; Number of sequences scanned	43038
; Sum of sequence lengths	11000544
; N residues           	63
; Matches per matrix
;	matrix	name            	matches	scored
;	1	positions_6nt_m4	20537613	20537613
;		TOTAL          	20537613	20537613
; Host name	rsat
; Job started	2014-09-03.102449
; Job done	2014-09-03.102508
; Seconds	9.34
;	user	9.34
;	system	0.05
;	cuser	0.6
;	csystem	0.02
