; classfreq  -v 1 -ci 20 -o $RSAT/public_html/tmp/wwwrun/2014/09/03/peak-motifs.2014-09-03.094519_2014-09-03.094519_gM9GBj/results/discovered_motifs/positions_6nt_m4/peak-motifs_positions_6nt_m4_site_distrib.tab
;	min                 	minimum of class interval (inclusive)
;	max                 	maximum of class interval (exclusive)
;	center              	center of class interval
;	n                   	occurrences
;	n_cum               	cumulative occurrences (inclusive)
;	n_dcum              	decreasing cumulative occurrences (inclusive)
;	f                   	frequencies
;	f_cum               	cumulative frequencies (inclusive)
;	f_dcum              	decreasing cumulative frequencies (inclusive)
#[min	max[	center	n	n_cum	n_dcum	f	f_cum	f_dcum
-260	-240	-250	1	1	2084	0.00048	0.00048	1.00000
-240	-220	-230	0	1	2083	0.00000	0.00048	0.99952
-220	-200	-210	4	5	2083	0.00192	0.00240	0.99952
-200	-180	-190	1	6	2079	0.00048	0.00288	0.99760
-180	-160	-170	11	17	2078	0.00528	0.00816	0.99712
-160	-140	-150	11	28	2067	0.00528	0.01344	0.99184
-140	-120	-130	11	39	2056	0.00528	0.01871	0.98656
-120	-100	-110	18	57	2045	0.00864	0.02735	0.98129
-100	-80	-90	21	78	2027	0.01008	0.03743	0.97265
-80	-60	-70	63	141	2006	0.03023	0.06766	0.96257
-60	-40	-50	163	304	1943	0.07821	0.14587	0.93234
-40	-20	-30	339	643	1780	0.16267	0.30854	0.85413
-20	0	-10	477	1120	1441	0.22889	0.53743	0.69146
0	20	10	420	1540	964	0.20154	0.73896	0.46257
20	40	30	293	1833	544	0.14060	0.87956	0.26104
40	60	50	140	1973	251	0.06718	0.94674	0.12044
60	80	70	52	2025	111	0.02495	0.97169	0.05326
80	100	90	16	2041	59	0.00768	0.97937	0.02831
100	120	110	11	2052	43	0.00528	0.98464	0.02063
120	140	130	9	2061	32	0.00432	0.98896	0.01536
140	160	150	8	2069	23	0.00384	0.99280	0.01104
160	180	170	6	2075	15	0.00288	0.99568	0.00720
180	200	190	2	2077	9	0.00096	0.99664	0.00432
200	220	210	2	2079	7	0.00096	0.99760	0.00336
220	240	230	2	2081	5	0.00096	0.99856	0.00240
240	260	250	2	2083	3	0.00096	0.99952	0.00144
260	280	270	0	2083	1	0.00000	0.99952	0.00048
280	300	290	1	2084	1	0.00048	1.00000	0.00048
; Statistics:
; -----------
; class interval     	20
; classes            	28
; count              	2084
; sum                	-5830
; mean               	-2.7975
; median class       	[-40..-20[
; var                	2.18e+03
; std                	46.6787
; min                	-245.5
; max                	282.5
; range              	528
; Host name	rsat
; Job started	2014-09-03.102448
; Job done	2014-09-03.102448
; Seconds	0.28
;	user	0.28
;	system	0.01
;	cuser	0
;	csystem	0
