; position-analysis -v 1 -i $RSAT/public_html/tmp/wwwrun/2014/09/03/peak-motifs.2014-09-03.094519_2014-09-03.094519_gM9GBj/data/sequences/peak-motifs_test_maxlen1000_purged_ml30_mis0.fasta -format fasta -sort -return html,chi,sig,distrib,exp_occ,graphs,rank,index -max_graphs 100 -2str -noov -seqtype dna -l 8 -ci 50 -lth_occ 1 -lth_sig 0 -uth_rank 100 -img_format png -title CEBPa_ChIP-seq_in_dog_liver -origin center -max_graphs 20 -o $RSAT/public_html/tmp/wwwrun/2014/09/03/peak-motifs.2014-09-03.094519_2014-09-03.094519_gM9GBj/results/positions_8nt/peak-motifs_positions-2str-noov_8nt_ci50.tab
; Profiles of expected occurrences
; Position intervals:
;	window	[min,max]	mid	seq	occ
;	1	-10	[-499,-450]	-474.5	22	664
;	2	-9	[-449,-400]	-424.5	50	1678
;	3	-8	[-399,-350]	-374.5	126	3960
;	4	-7	[-349,-300]	-324.5	384	11944
;	5	-6	[-299,-250]	-274.5	1097	35127
;	6	-5	[-249,-200]	-224.5	3965	108147
;	7	-4	[-199,-150]	-174.5	13882	430281
;	8	-3	[-149,-100]	-124.5	26913	1011743
;	9	-2	[-99,-50]	-74.5	41757	1779855
;	10	-1	[-49,0]	-24.5	43038	2138451
;	11	0	[1,50]	25.5	43038	2124856
;	12	1	[51,100]	75.5	40688	1656237
;	13	2	[101,150]	125.5	24588	909372
;	14	3	[151,200]	175.5	12110	354093
;	15	4	[201,250]	225.5	3139	87708
;	16	5	[251,300]	275.5	936	29742
;	17	6	[301,350]	325.5	335	10016
;	18	7	[351,400]	375.5	103	3429
;	19	8	[401,450]	425.5	43	1469
;	20	9	[451,500]	475.5	19	506
;
; column headers
;	1	seq            	pattern sequence
;	2	id             	pattern identifier
;	3	-474.5         	expected occurrences	in window	1	[-499,-450]
;	4	-424.5         	expected occurrences	in window	2	[-449,-400]
;	5	-374.5         	expected occurrences	in window	3	[-399,-350]
;	6	-324.5         	expected occurrences	in window	4	[-349,-300]
;	7	-274.5         	expected occurrences	in window	5	[-299,-250]
;	8	-224.5         	expected occurrences	in window	6	[-249,-200]
;	9	-174.5         	expected occurrences	in window	7	[-199,-150]
;	10	-124.5         	expected occurrences	in window	8	[-149,-100]
;	11	-74.5          	expected occurrences	in window	9	[-99,-50]
;	12	-24.5          	expected occurrences	in window	10	[-49,0]
;	13	25.5           	expected occurrences	in window	11	[1,50]
;	14	75.5           	expected occurrences	in window	12	[51,100]
;	15	125.5          	expected occurrences	in window	13	[101,150]
;	16	175.5          	expected occurrences	in window	14	[151,200]
;	17	225.5          	expected occurrences	in window	15	[201,250]
;	18	275.5          	expected occurrences	in window	16	[251,300]
;	19	325.5          	expected occurrences	in window	17	[301,350]
;	20	375.5          	expected occurrences	in window	18	[351,400]
;	21	425.5          	expected occurrences	in window	19	[401,450]
;	22	475.5          	expected occurrences	in window	20	[451,500]
#seq	id	-474.5	-424.5	-374.5	-324.5	-274.5	-224.5	-174.5	-124.5	-74.5	-24.5	25.5	75.5	125.5	175.5	225.5	275.5	325.5	375.5	425.5	475.5
ttgcacaa	ttgcacaa|ttgtgcaa	0.4	1.0	2.3	6.8	20.0	61.5	244.6	575.1	1011.8	1215.6	1207.9	941.5	516.9	201.3	49.9	16.9	5.7	1.9	0.8	0.3
attgcaca	attgcaca|tgtgcaat	0.2	0.5	1.2	3.6	10.7	33.0	131.1	308.4	542.5	651.8	647.6	504.8	277.2	107.9	26.7	9.1	3.1	1.0	0.4	0.2
attgtgca	attgtgca|tgcacaat	0.2	0.5	1.1	3.4	9.9	30.5	121.5	285.8	502.7	604.0	600.2	467.8	256.9	100.0	24.8	8.4	2.8	1.0	0.4	0.1
gttgtgca	gttgtgca|tgcacaac	0.1	0.4	0.9	2.6	7.7	23.8	94.6	222.5	391.4	470.3	467.3	364.2	200.0	77.9	19.3	6.5	2.2	0.8	0.3	0.1
ttgtgaaa	ttgtgaaa|tttcacaa	0.2	0.5	1.2	3.7	11.0	33.9	134.8	317.1	557.8	670.2	665.9	519.0	285.0	111.0	27.5	9.3	3.1	1.1	0.5	0.2
ttgagcaa	ttgagcaa|ttgctcaa	0.2	0.4	1.0	3.1	9.0	27.8	110.7	260.3	458.0	550.2	546.7	426.2	234.0	91.1	22.6	7.7	2.6	0.9	0.4	0.1
gttgcaca	gttgcaca|tgtgcaac	0.1	0.3	0.8	2.4	7.1	22.0	87.4	205.5	361.5	434.3	431.6	336.4	184.7	71.9	17.8	6.0	2.0	0.7	0.3	0.1
tgatgcaa	tgatgcaa|ttgcatca	0.2	0.4	0.9	2.8	8.2	25.1	100.0	235.1	413.6	496.9	493.7	384.8	211.3	82.3	20.4	6.9	2.3	0.8	0.3	0.1
tgttgcaa	tgttgcaa|ttgcaaca	0.2	0.4	0.9	2.8	8.3	25.7	102.3	240.5	423.0	508.3	505.0	393.7	216.1	84.2	20.8	7.1	2.4	0.8	0.3	0.1
ttatgcaa	ttatgcaa|ttgcataa	0.2	0.4	0.9	2.7	8.0	24.6	98.0	230.5	405.6	487.3	484.2	377.4	207.2	80.7	20.0	6.8	2.3	0.8	0.3	0.1
ttacgcaa	ttacgcaa|ttgcgtaa	0.1	0.2	0.4	1.3	3.9	12.1	48.0	112.8	198.5	238.4	236.9	184.7	101.4	39.5	9.8	3.3	1.1	0.4	0.2	0.1
ttacacaa	ttacacaa|ttgtgtaa	0.2	0.4	0.9	2.8	8.2	25.4	100.9	237.3	417.4	501.5	498.3	388.4	213.2	83.0	20.6	7.0	2.3	0.8	0.3	0.1
ttgcgaaa	ttgcgaaa|tttcgcaa	0.1	0.2	0.4	1.2	3.5	10.8	42.8	100.7	177.2	212.9	211.5	164.9	90.5	35.2	8.7	3.0	1.0	0.3	0.1	0.1
ttgcaaaa	ttgcaaaa|ttttgcaa	0.2	0.5	1.1	3.4	9.9	30.5	121.4	285.5	502.2	603.4	599.6	467.3	256.6	99.9	24.7	8.4	2.8	1.0	0.4	0.1
atgttgca	atgttgca|tgcaacat	0.1	0.2	0.6	1.8	5.2	15.9	63.2	148.6	261.3	314.0	312.0	243.2	133.5	52.0	12.9	4.4	1.5	0.5	0.2	0.1
ttgcgcaa	ttgcgcaa|ttgcgcaa	0.0	0.1	0.3	0.9	2.6	8.0	31.9	75.1	132.1	158.7	157.7	122.9	67.5	26.3	6.5	2.2	0.7	0.3	0.1	0.0
gattgcac	gattgcac|gtgcaatc	0.1	0.2	0.4	1.3	3.8	11.7	46.7	109.8	193.1	232.0	230.6	179.7	98.7	38.4	9.5	3.2	1.1	0.4	0.2	0.1
attgcatc	attgcatc|gatgcaat	0.1	0.2	0.5	1.6	4.6	14.1	56.0	131.6	231.6	278.2	276.4	215.5	118.3	46.1	11.4	3.9	1.3	0.4	0.2	0.1
attgtgaa	attgtgaa|ttcacaat	0.1	0.3	0.7	2.1	6.2	19.1	76.0	178.7	314.4	377.8	375.4	292.6	160.6	62.5	15.5	5.3	1.8	0.6	0.3	0.1
ttaaaaaa	ttaaaaaa|ttttttaa	0.3	0.7	1.6	4.8	14.0	43.2	171.8	403.9	710.5	853.6	848.2	661.1	363.0	141.3	35.0	11.9	4.0	1.4	0.6	0.2
gcacaaca	gcacaaca|tgttgtgc	0.1	0.2	0.5	1.4	4.1	12.6	50.0	117.5	206.8	248.4	246.9	192.4	105.6	41.1	10.2	3.5	1.2	0.4	0.2	0.1
atttcaca	atttcaca|tgtgaaat	0.2	0.4	0.9	2.8	8.2	25.2	100.2	235.6	414.6	498.1	494.9	385.8	211.8	82.5	20.4	6.9	2.3	0.8	0.3	0.1
gtgcaata	gtgcaata|tattgcac	0.1	0.2	0.4	1.3	3.9	12.1	48.1	113.1	199.0	239.0	237.5	185.1	101.7	39.6	9.8	3.3	1.1	0.4	0.2	0.1
ttgcccaa	ttgcccaa|ttgggcaa	0.1	0.3	0.7	2.1	6.0	18.6	74.1	174.2	306.4	368.2	365.8	285.1	156.6	61.0	15.1	5.1	1.7	0.6	0.3	0.1
gcacaata	gcacaata|tattgtgc	0.1	0.2	0.4	1.3	3.8	11.7	46.7	109.7	193.0	231.8	230.4	179.6	98.6	38.4	9.5	3.2	1.1	0.4	0.2	0.1
attgctca	attgctca|tgagcaat	0.1	0.2	0.6	1.7	4.9	15.1	59.9	140.9	247.9	297.8	295.9	230.7	126.6	49.3	12.2	4.1	1.4	0.5	0.2	0.1
tttaaaaa	tttaaaaa|tttttaaa	0.3	0.8	1.8	5.4	15.9	48.9	194.6	457.7	805.1	967.4	961.2	749.2	411.4	160.2	39.7	13.5	4.5	1.6	0.7	0.2
aaaaaaaa	aaaaaaaa|tttttttt	0.4	1.0	2.4	7.1	21.0	64.6	257.1	604.4	1063.3	1277.6	1269.4	989.5	543.3	211.5	52.4	17.8	6.0	2.0	0.9	0.3
ttaagcaa	ttaagcaa|ttgcttaa	0.1	0.3	0.7	2.0	5.9	18.1	71.9	169.1	297.4	357.4	355.1	276.8	152.0	59.2	14.7	5.0	1.7	0.6	0.2	0.1
gtgttgca	gtgttgca|tgcaacac	0.1	0.2	0.5	1.4	4.1	12.7	50.4	118.6	208.6	250.6	249.0	194.1	106.6	41.5	10.3	3.5	1.2	0.4	0.2	0.1
attgcata	attgcata|tatgcaat	0.1	0.2	0.5	1.5	4.5	13.7	54.6	128.4	225.9	271.4	269.7	210.2	115.4	44.9	11.1	3.8	1.3	0.4	0.2	0.1
atgatgca	atgatgca|tgcatcat	0.1	0.2	0.5	1.5	4.5	14.0	55.6	130.7	229.9	276.2	274.5	213.9	117.5	45.7	11.3	3.8	1.3	0.4	0.2	0.1
tgattgca	tgattgca|tgcaatca	0.1	0.2	0.6	1.7	4.9	15.1	60.0	141.2	248.4	298.4	296.5	231.1	126.9	49.4	12.2	4.2	1.4	0.5	0.2	0.1
attgcgca	attgcgca|tgcgcaat	0.0	0.1	0.2	0.6	1.9	5.8	23.2	54.7	96.2	115.5	114.8	89.5	49.1	19.1	4.7	1.6	0.5	0.2	0.1	0.0
ggttgcac	ggttgcac|gtgcaacc	0.1	0.2	0.4	1.1	3.2	9.7	38.7	91.1	160.2	192.5	191.2	149.1	81.8	31.9	7.9	2.7	0.9	0.3	0.1	0.0
attatgca	attatgca|tgcataat	0.1	0.2	0.5	1.5	4.5	13.8	54.9	129.2	227.2	273.0	271.3	211.5	116.1	45.2	11.2	3.8	1.3	0.4	0.2	0.1
attgagca	attgagca|tgctcaat	0.1	0.2	0.5	1.6	4.7	14.5	57.8	136.0	239.2	287.4	285.6	222.6	122.2	47.6	11.8	4.0	1.3	0.5	0.2	0.1
attgcaac	attgcaac|gttgcaat	0.1	0.2	0.4	1.3	4.0	12.2	48.6	114.2	201.0	241.4	239.9	187.0	102.7	40.0	9.9	3.4	1.1	0.4	0.2	0.1
attgcgta	attgcgta|tacgcaat	0.0	0.1	0.2	0.7	2.0	6.0	23.9	56.2	98.8	118.7	118.0	92.0	50.5	19.7	4.9	1.7	0.6	0.2	0.1	0.0
taaaaaaa	taaaaaaa|ttttttta	0.2	0.6	1.5	4.5	13.2	40.6	161.4	379.5	667.6	802.1	797.0	621.2	341.1	132.8	32.9	11.2	3.8	1.3	0.6	0.2
attgcaaa	attgcaaa|tttgcaat	0.1	0.3	0.7	2.0	5.9	18.2	72.4	170.2	299.4	359.8	357.5	278.6	153.0	59.6	14.8	5.0	1.7	0.6	0.2	0.1
gttgcgca	gttgcgca|tgcgcaac	0.0	0.1	0.2	0.6	1.7	5.1	20.3	47.8	84.0	100.9	100.3	78.2	42.9	16.7	4.1	1.4	0.5	0.2	0.1	0.0
attgtgta	attgtgta|tacacaat	0.1	0.2	0.5	1.6	4.6	14.0	55.9	131.4	231.2	277.8	276.1	215.2	118.1	46.0	11.4	3.9	1.3	0.4	0.2	0.1
attacaca	attacaca|tgtgtaat	0.1	0.2	0.5	1.6	4.8	14.9	59.3	139.4	245.2	294.6	292.7	228.2	125.3	48.8	12.1	4.1	1.4	0.5	0.2	0.1
gtgcaaca	gtgcaaca|tgttgcac	0.1	0.1	0.3	1.0	3.0	9.3	36.8	86.6	152.4	183.1	181.9	141.8	77.9	30.3	7.5	2.5	0.9	0.3	0.1	0.0
atttcgca	atttcgca|tgcgaaat	0.0	0.1	0.2	0.6	1.9	5.8	23.2	54.5	95.8	115.1	114.4	89.2	49.0	19.1	4.7	1.6	0.5	0.2	0.1	0.0
attacgca	attacgca|tgcgtaat	0.0	0.1	0.2	0.6	1.7	5.3	21.0	49.4	86.8	104.3	103.7	80.8	44.4	17.3	4.3	1.5	0.5	0.2	0.1	0.0
cttgcaca	cttgcaca|tgtgcaag	0.1	0.2	0.5	1.5	4.4	13.6	54.1	127.1	223.6	268.6	266.9	208.0	114.2	44.5	11.0	3.7	1.3	0.4	0.2	0.1
attgcgaa	attgcgaa|ttcgcaat	0.0	0.1	0.2	0.6	1.8	5.7	22.5	52.9	93.0	111.7	111.0	86.5	47.5	18.5	4.6	1.6	0.5	0.2	0.1	0.0
tgaagcaa	tgaagcaa|ttgcttca	0.1	0.3	0.6	1.8	5.4	16.5	65.6	154.3	271.5	326.2	324.1	252.6	138.7	54.0	13.4	4.5	1.5	0.5	0.2	0.1
gattgtgc	gattgtgc|gcacaatc	0.1	0.1	0.3	1.0	3.0	9.4	37.2	87.6	154.0	185.1	183.9	143.3	78.7	30.6	7.6	2.6	0.9	0.3	0.1	0.0
ctgttgca	ctgttgca|tgcaacag	0.1	0.2	0.5	1.5	4.4	13.5	53.6	126.1	221.9	266.6	264.9	206.5	113.4	44.1	10.9	3.7	1.2	0.4	0.2	0.1
cattgcac	cattgcac|gtgcaatg	0.1	0.1	0.3	1.0	3.0	9.3	37.0	86.9	152.9	183.7	182.5	142.3	78.1	30.4	7.5	2.6	0.9	0.3	0.1	0.0
agattgca	agattgca|tgcaatct	0.1	0.2	0.4	1.2	3.5	10.9	43.3	101.8	179.2	215.3	213.9	166.7	91.5	35.6	8.8	3.0	1.0	0.3	0.1	0.1
atgcaata	atgcaata|tattgcat	0.1	0.2	0.4	1.2	3.6	10.9	43.6	102.4	180.2	216.5	215.1	167.6	92.0	35.8	8.9	3.0	1.0	0.3	0.1	0.1
gtgatgca	gtgatgca|tgcatcac	0.1	0.1	0.3	1.0	2.8	8.7	34.7	81.6	143.6	172.5	171.4	133.6	73.3	28.6	7.1	2.4	0.8	0.3	0.1	0.0
tgcaacca	tgcaacca|tggttgca	0.1	0.2	0.4	1.3	3.8	11.8	47.0	110.5	194.5	233.6	232.2	181.0	99.4	38.7	9.6	3.2	1.1	0.4	0.2	0.1
gttgtgaa	gttgtgaa|ttcacaac	0.1	0.2	0.4	1.3	3.9	12.1	48.0	112.8	198.5	238.4	236.9	184.7	101.4	39.5	9.8	3.3	1.1	0.4	0.2	0.1
aaataaaa	aaataaaa|ttttattt	0.2	0.6	1.4	4.3	12.7	39.1	155.5	365.7	643.3	772.9	768.0	598.6	328.7	128.0	31.7	10.7	3.6	1.2	0.5	0.2
gttgagca	gttgagca|tgctcaac	0.1	0.2	0.4	1.2	3.5	10.9	43.4	102.0	179.5	215.7	214.3	167.0	91.7	35.7	8.8	3.0	1.0	0.3	0.1	0.1
aaaaaaat	aaaaaaat|attttttt	0.2	0.6	1.5	4.5	13.2	40.7	161.9	380.6	669.6	804.5	799.4	623.1	342.1	133.2	33.0	11.2	3.8	1.3	0.6	0.2
atgcaatc	atgcaatc|gattgcat	0.1	0.2	0.4	1.1	3.4	10.3	41.1	96.5	169.8	204.1	202.8	158.0	86.8	33.8	8.4	2.8	1.0	0.3	0.1	0.0
aattgtgc	aattgtgc|gcacaatt	0.1	0.1	0.3	1.0	3.0	9.3	37.1	87.2	153.4	184.3	183.1	142.7	78.4	30.5	7.6	2.6	0.9	0.3	0.1	0.0
agttgtgc	agttgtgc|gcacaact	0.1	0.1	0.3	1.0	3.0	9.1	36.4	85.6	150.5	180.9	179.7	140.1	76.9	30.0	7.4	2.5	0.8	0.3	0.1	0.0
cacaatca	cacaatca|tgattgtg	0.1	0.2	0.4	1.2	3.4	10.4	41.5	97.7	171.8	206.5	205.2	159.9	87.8	34.2	8.5	2.9	1.0	0.3	0.1	0.0
gttgtgta	gttgtgta|tacacaac	0.1	0.1	0.3	1.0	2.9	9.0	35.9	84.4	148.6	178.5	177.3	138.2	75.9	29.6	7.3	2.5	0.8	0.3	0.1	0.0
ttgggaaa	ttgggaaa|tttcccaa	0.1	0.3	0.7	2.3	6.6	20.4	81.4	191.3	336.5	404.3	401.8	313.2	171.9	67.0	16.6	5.6	1.9	0.6	0.3	0.1
gttgcata	gttgcata|tatgcaac	0.1	0.1	0.3	1.0	2.8	8.6	34.3	80.7	141.9	170.5	169.4	132.0	72.5	28.2	7.0	2.4	0.8	0.3	0.1	0.0
gttgctca	gttgctca|tgagcaac	0.1	0.2	0.4	1.1	3.2	9.8	38.8	91.3	160.7	193.1	191.8	149.5	82.1	32.0	7.9	2.7	0.9	0.3	0.1	0.0
cttgcgca	cttgcgca|tgcgcaag	0.0	0.1	0.2	0.5	1.6	4.9	19.7	46.2	81.3	97.7	97.1	75.7	41.6	16.2	4.0	1.4	0.5	0.2	0.1	0.0
aaaaaata	aaaaaata|tatttttt	0.2	0.4	1.0	2.9	8.7	26.7	106.3	249.8	439.5	528.1	524.7	409.0	224.6	87.4	21.7	7.3	2.5	0.8	0.4	0.1
ctattgca	ctattgca|tgcaatag	0.1	0.1	0.3	1.1	3.1	9.6	38.0	89.4	157.2	188.9	187.7	146.3	80.3	31.3	7.7	2.6	0.9	0.3	0.1	0.0
aattgcac	aattgcac|gtgcaatt	0.1	0.1	0.3	1.0	3.0	9.3	36.8	86.6	152.4	183.1	181.9	141.8	77.9	30.3	7.5	2.5	0.9	0.3	0.1	0.0
tgtcgcaa	tgtcgcaa|ttgcgaca	0.0	0.1	0.2	0.5	1.6	4.9	19.3	45.4	79.8	95.9	95.3	74.3	40.8	15.9	3.9	1.3	0.4	0.2	0.1	0.0
tgcaataa	tgcaataa|ttattgca	0.1	0.2	0.4	1.3	3.9	12.0	47.9	112.6	198.1	238.0	236.5	184.4	101.2	39.4	9.8	3.3	1.1	0.4	0.2	0.1
aaaaataa	aaaaataa|ttattttt	0.2	0.5	1.2	3.6	10.5	32.4	129.1	303.5	534.0	641.6	637.5	496.9	272.8	106.2	26.3	8.9	3.0	1.0	0.4	0.2
gttatgca	gttatgca|tgcataac	0.1	0.1	0.3	1.0	2.8	8.7	34.8	81.8	143.9	172.9	171.8	133.9	73.5	28.6	7.1	2.4	0.8	0.3	0.1	0.0
tgacgcaa	tgacgcaa|ttgcgtca	0.0	0.1	0.2	0.5	1.6	4.9	19.7	46.2	81.3	97.7	97.1	75.7	41.6	16.2	4.0	1.4	0.5	0.2	0.1	0.0
ggattgca	ggattgca|tgcaatcc	0.1	0.1	0.3	1.0	2.8	8.8	34.9	82.0	144.2	173.3	172.2	134.2	73.7	28.7	7.1	2.4	0.8	0.3	0.1	0.0
tgtggcaa	tgtggcaa|ttgccaca	0.1	0.2	0.4	1.3	3.8	11.8	46.9	110.3	194.0	233.0	231.6	180.5	99.1	38.6	9.6	3.2	1.1	0.4	0.2	0.1
gttttgca	gttttgca|tgcaaaac	0.1	0.2	0.5	1.6	4.6	14.2	56.3	132.4	232.9	279.8	278.0	216.7	119.0	46.3	11.5	3.9	1.3	0.4	0.2	0.1
gattgcaa	gattgcaa|ttgcaatc	0.1	0.1	0.4	1.1	3.1	9.6	38.1	89.6	157.7	189.5	188.3	146.7	80.6	31.4	7.8	2.6	0.9	0.3	0.1	0.0
gttacgca	gttacgca|tgcgtaac	0.0	0.1	0.1	0.4	1.3	4.0	15.8	37.1	65.2	78.3	77.9	60.7	33.3	13.0	3.2	1.1	0.4	0.1	0.1	0.0
gttgcaaa	gttgcaaa|tttgcaac	0.1	0.2	0.4	1.3	3.9	12.0	47.7	112.2	197.5	237.2	235.7	183.7	100.9	39.3	9.7	3.3	1.1	0.4	0.2	0.1
ataaataa	ataaataa|ttatttat	0.2	0.4	0.9	2.7	8.0	24.6	97.8	230.0	404.6	486.1	483.0	376.5	206.7	80.5	19.9	6.8	2.3	0.8	0.3	0.1
atattgca	atattgca|tgcaatat	0.1	0.2	0.4	1.2	3.7	11.3	45.0	105.7	186.0	223.5	222.0	173.1	95.0	37.0	9.2	3.1	1.0	0.4	0.2	0.1
ttaggcaa	ttaggcaa|ttgcctaa	0.1	0.2	0.5	1.4	4.0	12.4	49.1	115.6	203.3	244.2	242.7	189.2	103.9	40.4	10.0	3.4	1.1	0.4	0.2	0.1
attgccca	attgccca|tgggcaat	0.1	0.1	0.3	1.0	3.0	9.4	37.3	87.7	154.2	185.3	184.1	143.5	78.8	30.7	7.6	2.6	0.9	0.3	0.1	0.0
tattgcaa	tattgcaa|ttgcaata	0.1	0.2	0.4	1.3	3.9	11.9	47.5	111.6	196.3	235.8	234.3	182.7	100.3	39.1	9.7	3.3	1.1	0.4	0.2	0.1
gattgtga	gattgtga|tcacaatc	0.1	0.1	0.3	0.9	2.8	8.5	33.7	79.2	139.4	167.5	166.4	129.7	71.2	27.7	6.9	2.3	0.8	0.3	0.1	0.0
attgggca	attgggca|tgcccaat	0.1	0.1	0.3	1.0	2.8	8.6	34.3	80.6	141.7	170.3	169.2	131.9	72.4	28.2	7.0	2.4	0.8	0.3	0.1	0.0
gttgcgta	gttgcgta|tacgcaac	0.0	0.1	0.1	0.4	1.3	4.0	16.0	37.5	66.0	79.3	78.8	61.5	33.7	13.1	3.3	1.1	0.4	0.1	0.1	0.0
gatgcaac	gatgcaac|gttgcatc	0.0	0.1	0.3	0.8	2.4	7.5	29.9	70.4	123.8	148.7	147.8	115.2	63.2	24.6	6.1	2.1	0.7	0.2	0.1	0.0
aaataaat	aaataaat|atttattt	0.2	0.5	1.2	3.6	10.7	33.0	131.3	308.7	543.1	652.6	648.4	505.4	277.5	108.1	26.8	9.1	3.1	1.0	0.4	0.2
atttttta	atttttta|taaaaaat	0.1	0.3	0.7	2.0	5.8	18.0	71.6	168.4	296.3	356.0	353.7	275.7	151.4	58.9	14.6	5.0	1.7	0.6	0.2	0.1
atgattgc	atgattgc|gcaatcat	0.1	0.1	0.3	0.9	2.8	8.6	34.1	80.3	141.2	169.7	168.6	131.4	72.2	28.1	7.0	2.4	0.8	0.3	0.1	0.0
atgcaaca	atgcaaca|tgttgcat	0.1	0.2	0.4	1.1	3.3	10.0	39.8	93.6	164.7	197.9	196.6	153.3	84.1	32.8	8.1	2.8	0.9	0.3	0.1	0.0
cttgtgca	cttgtgca|tgcacaag	0.1	0.2	0.4	1.2	3.4	10.6	42.1	99.0	174.2	209.3	207.9	162.1	89.0	34.7	8.6	2.9	1.0	0.3	0.1	0.0
taaataaa	taaataaa|tttattta	0.2	0.5	1.1	3.4	9.9	30.5	121.3	285.3	501.9	603.0	599.2	467.0	256.4	99.8	24.7	8.4	2.8	1.0	0.4	0.1
agttgcac	agttgcac|gtgcaact	0.0	0.1	0.3	0.8	2.3	7.1	28.1	66.0	116.1	139.5	138.6	108.0	59.3	23.1	5.7	1.9	0.7	0.2	0.1	0.0
