; matrix-scan  -v 1 -quick -seq_format fasta -i $RSAT/public_html/tmp/wwwrun/2014/09/03/peak-motifs.2014-09-03.094519_2014-09-03.094519_gM9GBj/data/sequences/peak-motifs_test_maxlen1000.fasta -matrix_format transfac -m $RSAT/public_html/tmp/wwwrun/2014/09/03/peak-motifs.2014-09-03.094519_2014-09-03.094519_gM9GBj/results/discovered_motifs/oligos_8nt_mkv6_m4/peak-motifs_oligos_8nt_mkv6_m4.tf -pseudo 1 -2str -decimals 1 -bg_pseudo 0.01 -n score -lth score -5 -bginput -markov 1 -return distrib -return occ_proba -o $RSAT/public_html/tmp/wwwrun/2014/09/03/peak-motifs.2014-09-03.094519_2014-09-03.094519_gM9GBj/results/discovered_motifs/oligos_8nt_mkv6_m4/peak-motifs_oligos_8nt_mkv6_m4_scan_mkv1_enrichment.tab
; Quick counting mode          
; Input files
;	input	/home/rsat/rsat/public_html/tmp/wwwrun/2014/09/03/peak-motifs.2014-09-03.094519_2014-09-03.094519_gM9GBj/data/sequences/peak-motifs_test_maxlen1000.fasta
; Matrix files
;	matrix 1	/home/rsat/rsat/public_html/tmp/wwwrun/2014/09/03/peak-motifs.2014-09-03.094519_2014-09-03.094519_gM9GBj/results/discovered_motifs/oligos_8nt_mkv6_m4/peak-motifs_oligos_8nt_mkv6_m4.tf
; Sequence format      	fasta
; Output files
;	output	/home/rsat/rsat/public_html/tmp/wwwrun/2014/09/03/peak-motifs.2014-09-03.094519_2014-09-03.094519_gM9GBj/results/discovered_motifs/oligos_8nt_mkv6_m4/peak-motifs_oligos_8nt_mkv6_m4_scan_mkv1_enrichment.tab
; Pseudo counts        	1
; Background model
;	Method        	input
;	Markov order  	1
;	Strand        	undef
;	Background pseudo-frequency	0.01
;	Residue probabilities
;		a	0.28684
;		c	0.21288
;		g	0.21268
;		t	0.28760
; Thresholds	lower	upper
;	score 	-5   	NA
;
; Matrices
;	matrix	name              	ncol	nrow	pseudo	Wmin	Wmax	Wrange
;	1	oligos_8nt_mkv6_m4	13	4	1	-53.600	13.500	67.100	a:0.287 c:0.213 g:0.213 t:0.288 
;
; Score distribution
#matrix	score	occ	occ_cum	inv_cum	inv_cum_freq	occ_prior	exp_occ	occ_Pval	occ_Eval	occ_sig	occ_sig_rank
oligos_8nt_mkv6_m4	-5.0	4685	20777930	190064	9.064482e-03	6.982684e-03	146412.87	0.000000e+00	0.000000e+00	350.00	1
oligos_8nt_mkv6_m4	-4.9	4689	20782619	185375	8.840856e-03	6.746709e-03	141464.94	0.000000e+00	0.000000e+00	350.00	2
oligos_8nt_mkv6_m4	-4.8	4551	20787170	180824	8.623811e-03	6.558010e-03	137508.30	0.000000e+00	0.000000e+00	350.00	3
oligos_8nt_mkv6_m4	-4.7	4445	20791615	176379	8.411821e-03	6.334446e-03	132820.61	0.000000e+00	0.000000e+00	350.00	4
oligos_8nt_mkv6_m4	-4.6	4252	20795867	172127	8.209036e-03	6.142048e-03	128786.42	0.000000e+00	0.000000e+00	350.00	5
oligos_8nt_mkv6_m4	-4.5	4311	20800178	167816	8.003436e-03	5.971496e-03	125210.29	0.000000e+00	0.000000e+00	350.00	6
oligos_8nt_mkv6_m4	-4.4	4003	20804181	163813	7.812526e-03	5.771964e-03	121026.51	0.000000e+00	0.000000e+00	350.00	7
oligos_8nt_mkv6_m4	-4.3	4055	20808236	159758	7.619136e-03	5.608311e-03	117595.02	0.000000e+00	0.000000e+00	350.00	8
oligos_8nt_mkv6_m4	-4.2	3973	20812209	155785	7.429657e-03	5.434151e-03	113943.24	0.000000e+00	0.000000e+00	350.00	9
oligos_8nt_mkv6_m4	-4.1	3987	20816196	151798	7.239510e-03	5.246724e-03	110013.26	0.000000e+00	0.000000e+00	350.00	10
oligos_8nt_mkv6_m4	-4.0	3663	20819859	148135	7.064815e-03	5.098903e-03	106913.77	0.000000e+00	0.000000e+00	350.00	11
oligos_8nt_mkv6_m4	-3.9	3746	20823605	144389	6.886162e-03	4.920038e-03	103163.31	0.000000e+00	0.000000e+00	350.00	12
oligos_8nt_mkv6_m4	-3.8	3710	20827315	140679	6.709226e-03	4.766783e-03	99949.87	0.000000e+00	0.000000e+00	350.00	13
oligos_8nt_mkv6_m4	-3.7	3601	20830916	137078	6.537488e-03	4.612798e-03	96721.11	0.000000e+00	0.000000e+00	350.00	14
oligos_8nt_mkv6_m4	-3.6	3384	20834300	133694	6.376099e-03	4.475548e-03	93843.26	0.000000e+00	0.000000e+00	350.00	15
oligos_8nt_mkv6_m4	-3.5	3265	20837565	130429	6.220386e-03	4.330476e-03	90801.40	0.000000e+00	0.000000e+00	350.00	16
oligos_8nt_mkv6_m4	-3.4	3354	20840919	127075	6.060427e-03	4.171830e-03	87474.90	0.000000e+00	0.000000e+00	350.00	17
oligos_8nt_mkv6_m4	-3.3	2981	20843900	124094	5.918258e-03	4.035789e-03	84622.40	0.000000e+00	0.000000e+00	350.00	18
oligos_8nt_mkv6_m4	-3.2	3245	20847145	120849	5.763499e-03	3.912740e-03	82042.31	0.000000e+00	0.000000e+00	350.00	19
oligos_8nt_mkv6_m4	-3.1	3153	20850298	117696	5.613127e-03	3.783487e-03	79332.13	0.000000e+00	0.000000e+00	350.00	20
oligos_8nt_mkv6_m4	-3.0	3382	20853680	114314	5.451833e-03	3.653898e-03	76614.91	0.000000e+00	0.000000e+00	350.00	21
oligos_8nt_mkv6_m4	-2.9	2841	20856521	111473	5.316341e-03	3.515448e-03	73711.89	0.000000e+00	0.000000e+00	350.00	22
oligos_8nt_mkv6_m4	-2.8	3145	20859666	108328	5.166350e-03	3.394496e-03	71175.77	0.000000e+00	0.000000e+00	350.00	23
oligos_8nt_mkv6_m4	-2.7	2939	20862605	105389	5.026184e-03	3.275798e-03	68686.91	0.000000e+00	0.000000e+00	350.00	24
oligos_8nt_mkv6_m4	-2.6	2722	20865327	102667	4.896368e-03	3.172039e-03	66511.30	0.000000e+00	0.000000e+00	350.00	25
oligos_8nt_mkv6_m4	-2.5	2751	20868078	99916	4.765168e-03	3.056174e-03	64081.83	0.000000e+00	0.000000e+00	350.00	26
oligos_8nt_mkv6_m4	-2.4	2808	20870886	97108	4.631249e-03	2.931798e-03	61473.92	0.000000e+00	0.000000e+00	350.00	27
oligos_8nt_mkv6_m4	-2.3	2609	20873495	94499	4.506821e-03	2.824342e-03	59220.79	0.000000e+00	0.000000e+00	350.00	28
oligos_8nt_mkv6_m4	-2.2	2426	20875921	92073	4.391121e-03	2.728639e-03	57214.09	0.000000e+00	0.000000e+00	350.00	29
oligos_8nt_mkv6_m4	-2.1	2555	20878476	89518	4.269269e-03	2.629396e-03	55133.16	0.000000e+00	0.000000e+00	350.00	30
oligos_8nt_mkv6_m4	-2.0	2287	20880763	87231	4.160198e-03	2.531175e-03	53073.65	0.000000e+00	0.000000e+00	350.00	31
oligos_8nt_mkv6_m4	-1.9	2407	20883170	84824	4.045404e-03	2.435713e-03	51072.02	0.000000e+00	0.000000e+00	350.00	32
oligos_8nt_mkv6_m4	-1.8	2301	20885471	82523	3.935665e-03	2.333083e-03	48920.06	0.000000e+00	0.000000e+00	350.00	33
oligos_8nt_mkv6_m4	-1.7	2396	20887867	80127	3.821396e-03	2.241815e-03	47006.36	0.000000e+00	0.000000e+00	350.00	34
oligos_8nt_mkv6_m4	-1.6	2320	20890187	77807	3.710751e-03	2.164526e-03	45385.77	0.000000e+00	0.000000e+00	350.00	35
oligos_8nt_mkv6_m4	-1.5	2098	20892285	75709	3.610694e-03	2.072331e-03	43452.63	0.000000e+00	0.000000e+00	350.00	36
oligos_8nt_mkv6_m4	-1.4	2125	20894410	73584	3.509349e-03	2.001358e-03	41964.47	0.000000e+00	0.000000e+00	350.00	37
oligos_8nt_mkv6_m4	-1.3	2065	20896475	71519	3.410865e-03	1.916846e-03	40192.42	0.000000e+00	0.000000e+00	350.00	38
oligos_8nt_mkv6_m4	-1.2	1960	20898435	69559	3.317390e-03	1.847948e-03	38747.75	0.000000e+00	0.000000e+00	350.00	39
oligos_8nt_mkv6_m4	-1.1	1965	20900400	67594	3.223675e-03	1.775005e-03	37218.30	0.000000e+00	0.000000e+00	350.00	40
oligos_8nt_mkv6_m4	-1.0	1786	20902186	65808	3.138498e-03	1.697537e-03	35593.94	0.000000e+00	0.000000e+00	350.00	41
oligos_8nt_mkv6_m4	-0.9	1809	20903995	63999	3.052223e-03	1.636349e-03	34310.95	0.000000e+00	0.000000e+00	350.00	42
oligos_8nt_mkv6_m4	-0.8	1612	20905607	62387	2.975344e-03	1.571961e-03	32960.88	0.000000e+00	0.000000e+00	350.00	43
oligos_8nt_mkv6_m4	-0.7	1586	20907193	60801	2.899705e-03	1.506190e-03	31581.79	0.000000e+00	0.000000e+00	350.00	44
oligos_8nt_mkv6_m4	-0.6	1608	20908801	59193	2.823017e-03	1.447332e-03	30347.64	0.000000e+00	0.000000e+00	350.00	45
oligos_8nt_mkv6_m4	-0.5	1520	20910321	57673	2.750526e-03	1.391709e-03	29181.34	0.000000e+00	0.000000e+00	350.00	46
oligos_8nt_mkv6_m4	-0.4	1428	20911749	56245	2.682422e-03	1.337671e-03	28048.27	0.000000e+00	0.000000e+00	350.00	47
oligos_8nt_mkv6_m4	-0.3	1382	20913131	54863	2.616512e-03	1.291404e-03	27078.15	0.000000e+00	0.000000e+00	350.00	48
oligos_8nt_mkv6_m4	-0.2	1416	20914547	53447	2.548980e-03	1.241519e-03	26032.16	0.000000e+00	0.000000e+00	350.00	49
oligos_8nt_mkv6_m4	-0.1	1241	20915788	52206	2.489795e-03	1.192906e-03	25012.86	0.000000e+00	0.000000e+00	350.00	50
oligos_8nt_mkv6_m4	0.0	1351	20917139	50855	2.425363e-03	1.143262e-03	23971.91	0.000000e+00	0.000000e+00	350.00	51
oligos_8nt_mkv6_m4	0.1	1248	20918387	49607	2.365844e-03	1.102321e-03	23113.46	0.000000e+00	0.000000e+00	350.00	52
oligos_8nt_mkv6_m4	0.2	1245	20919632	48362	2.306468e-03	1.055767e-03	22137.31	0.000000e+00	0.000000e+00	350.00	53
oligos_8nt_mkv6_m4	0.3	1142	20920774	47220	2.252004e-03	1.015173e-03	21286.14	0.000000e+00	0.000000e+00	350.00	54
oligos_8nt_mkv6_m4	0.4	1239	20922013	45981	2.192914e-03	9.766273e-04	20477.92	0.000000e+00	0.000000e+00	350.00	55
oligos_8nt_mkv6_m4	0.5	1067	20923080	44914	2.142027e-03	9.433533e-04	19780.23	0.000000e+00	0.000000e+00	350.00	56
oligos_8nt_mkv6_m4	0.6	1082	20924162	43832	2.090424e-03	9.068389e-04	19014.59	0.000000e+00	0.000000e+00	350.00	57
oligos_8nt_mkv6_m4	0.7	1154	20925316	42678	2.035388e-03	8.739224e-04	18324.40	0.000000e+00	0.000000e+00	350.00	58
oligos_8nt_mkv6_m4	0.8	1011	20926327	41667	1.987172e-03	8.401907e-04	17617.11	0.000000e+00	0.000000e+00	350.00	59
oligos_8nt_mkv6_m4	0.9	975	20927302	40692	1.940672e-03	8.054842e-04	16889.39	0.000000e+00	0.000000e+00	350.00	60
oligos_8nt_mkv6_m4	1.0	919	20928221	39773	1.896843e-03	7.760122e-04	16271.42	0.000000e+00	0.000000e+00	350.00	61
oligos_8nt_mkv6_m4	1.1	946	20929167	38827	1.851727e-03	7.512209e-04	15751.59	0.000000e+00	0.000000e+00	350.00	62
oligos_8nt_mkv6_m4	1.2	794	20929961	38033	1.813860e-03	7.213158e-04	15124.54	0.000000e+00	0.000000e+00	350.00	63
oligos_8nt_mkv6_m4	1.3	890	20930851	37143	1.771414e-03	6.945664e-04	14563.66	0.000000e+00	0.000000e+00	350.00	64
oligos_8nt_mkv6_m4	1.4	845	20931696	36298	1.731115e-03	6.719242e-04	14088.90	0.000000e+00	0.000000e+00	350.00	65
oligos_8nt_mkv6_m4	1.5	793	20932489	35505	1.693295e-03	6.449354e-04	13523.00	0.000000e+00	0.000000e+00	350.00	66
oligos_8nt_mkv6_m4	1.6	744	20933233	34761	1.657812e-03	6.237367e-04	13078.51	0.000000e+00	0.000000e+00	350.00	67
oligos_8nt_mkv6_m4	1.7	795	20934028	33966	1.619898e-03	5.993599e-04	12567.37	0.000000e+00	0.000000e+00	350.00	68
oligos_8nt_mkv6_m4	1.8	709	20934737	33257	1.586084e-03	5.800941e-04	12163.41	0.000000e+00	0.000000e+00	350.00	69
oligos_8nt_mkv6_m4	1.9	703	20935440	32554	1.552557e-03	5.586671e-04	11714.13	0.000000e+00	0.000000e+00	350.00	70
oligos_8nt_mkv6_m4	2.0	673	20936113	31881	1.520460e-03	5.362486e-04	11244.06	0.000000e+00	0.000000e+00	350.00	71
oligos_8nt_mkv6_m4	2.1	713	20936826	31168	1.486456e-03	5.169702e-04	10839.83	0.000000e+00	0.000000e+00	350.00	72
oligos_8nt_mkv6_m4	2.2	704	20937530	30464	1.452881e-03	4.971494e-04	10424.22	0.000000e+00	0.000000e+00	350.00	73
oligos_8nt_mkv6_m4	2.3	626	20938156	29838	1.423026e-03	4.784573e-04	10032.29	0.000000e+00	0.000000e+00	350.00	74
oligos_8nt_mkv6_m4	2.4	721	20938877	29117	1.388640e-03	4.618896e-04	9684.90	0.000000e+00	0.000000e+00	350.00	75
oligos_8nt_mkv6_m4	2.5	676	20939553	28441	1.356401e-03	4.438235e-04	9306.09	0.000000e+00	0.000000e+00	350.00	76
oligos_8nt_mkv6_m4	2.6	734	20940287	27707	1.321395e-03	4.241161e-04	8892.86	0.000000e+00	0.000000e+00	350.00	77
oligos_8nt_mkv6_m4	2.7	692	20940979	27015	1.288392e-03	4.067934e-04	8529.64	0.000000e+00	0.000000e+00	350.00	78
oligos_8nt_mkv6_m4	2.8	693	20941672	26322	1.255342e-03	3.917006e-04	8213.18	0.000000e+00	0.000000e+00	350.00	79
oligos_8nt_mkv6_m4	2.9	652	20942324	25670	1.224247e-03	3.754172e-04	7871.74	0.000000e+00	0.000000e+00	350.00	80
oligos_8nt_mkv6_m4	3.0	697	20943021	24973	1.191006e-03	3.597384e-04	7542.99	0.000000e+00	0.000000e+00	350.00	81
oligos_8nt_mkv6_m4	3.1	624	20943645	24349	1.161246e-03	3.422497e-04	7176.29	0.000000e+00	0.000000e+00	350.00	82
oligos_8nt_mkv6_m4	3.2	677	20944322	23672	1.128959e-03	3.261576e-04	6838.87	0.000000e+00	0.000000e+00	350.00	83
oligos_8nt_mkv6_m4	3.3	626	20944948	23046	1.099104e-03	3.113302e-04	6527.97	0.000000e+00	0.000000e+00	350.00	84
oligos_8nt_mkv6_m4	3.4	576	20945524	22470	1.071633e-03	2.983045e-04	6254.85	0.000000e+00	0.000000e+00	350.00	85
oligos_8nt_mkv6_m4	3.5	662	20946186	21808	1.040061e-03	2.851161e-04	5978.31	0.000000e+00	0.000000e+00	350.00	86
oligos_8nt_mkv6_m4	3.6	627	20946813	21181	1.010159e-03	2.702692e-04	5667.00	0.000000e+00	0.000000e+00	350.00	87
oligos_8nt_mkv6_m4	3.7	554	20947367	20627	9.837375e-04	2.563984e-04	5376.16	0.000000e+00	0.000000e+00	350.00	88
oligos_8nt_mkv6_m4	3.8	624	20947991	20003	9.539778e-04	2.452629e-04	5142.67	0.000000e+00	0.000000e+00	350.00	89
oligos_8nt_mkv6_m4	3.9	780	20948771	19223	9.167783e-04	2.321886e-04	4868.53	0.000000e+00	0.000000e+00	350.00	90
oligos_8nt_mkv6_m4	4.0	636	20949407	18587	8.864463e-04	2.201317e-04	4615.72	0.000000e+00	0.000000e+00	350.00	91
oligos_8nt_mkv6_m4	4.1	676	20950083	17911	8.542067e-04	2.075133e-04	4351.14	0.000000e+00	0.000000e+00	350.00	92
oligos_8nt_mkv6_m4	4.2	674	20950757	17237	8.220625e-04	1.979094e-04	4149.76	0.000000e+00	0.000000e+00	350.00	93
oligos_8nt_mkv6_m4	4.3	643	20951400	16594	7.913967e-04	1.870949e-04	3923.00	0.000000e+00	0.000000e+00	350.00	94
oligos_8nt_mkv6_m4	4.4	509	20951909	16085	7.671216e-04	1.768265e-04	3707.70	0.000000e+00	0.000000e+00	350.00	95
oligos_8nt_mkv6_m4	4.5	659	20952568	15426	7.356927e-04	1.685370e-04	3533.88	0.000000e+00	0.000000e+00	350.00	96
oligos_8nt_mkv6_m4	4.6	570	20953138	14856	7.085084e-04	1.580963e-04	3314.96	0.000000e+00	0.000000e+00	350.00	97
oligos_8nt_mkv6_m4	4.7	639	20953777	14217	6.780334e-04	1.502200e-04	3149.81	0.000000e+00	0.000000e+00	350.00	98
oligos_8nt_mkv6_m4	4.8	483	20954260	13734	6.549983e-04	1.417146e-04	2971.47	0.000000e+00	0.000000e+00	350.00	99
oligos_8nt_mkv6_m4	4.9	523	20954783	13211	6.300555e-04	1.335565e-04	2800.41	0.000000e+00	0.000000e+00	350.00	100
oligos_8nt_mkv6_m4	5.0	597	20955380	12614	6.015836e-04	1.265009e-04	2652.47	0.000000e+00	0.000000e+00	350.00	101
oligos_8nt_mkv6_m4	5.1	458	20955838	12156	5.797408e-04	1.188430e-04	2491.90	0.000000e+00	0.000000e+00	350.00	102
oligos_8nt_mkv6_m4	5.2	581	20956419	11575	5.520319e-04	1.129843e-04	2369.05	0.000000e+00	0.000000e+00	350.00	103
oligos_8nt_mkv6_m4	5.3	571	20956990	11004	5.247999e-04	1.058200e-04	2218.83	0.000000e+00	0.000000e+00	350.00	104
oligos_8nt_mkv6_m4	5.4	425	20957415	10579	5.045309e-04	9.981057e-05	2092.83	0.000000e+00	0.000000e+00	350.00	105
oligos_8nt_mkv6_m4	5.5	495	20957910	10084	4.809235e-04	9.439756e-05	1979.33	0.000000e+00	0.000000e+00	350.00	106
oligos_8nt_mkv6_m4	5.6	514	20958424	9570	4.564099e-04	8.919501e-05	1870.24	0.000000e+00	0.000000e+00	350.00	107
oligos_8nt_mkv6_m4	5.7	474	20958898	9096	4.338040e-04	8.418218e-05	1765.13	0.000000e+00	0.000000e+00	350.00	108
oligos_8nt_mkv6_m4	5.8	474	20959372	8622	4.111982e-04	7.932174e-05	1663.22	0.000000e+00	0.000000e+00	350.00	109
oligos_8nt_mkv6_m4	5.9	442	20959814	8180	3.901184e-04	7.439983e-05	1560.02	0.000000e+00	0.000000e+00	350.00	110
oligos_8nt_mkv6_m4	6.0	346	20960160	7834	3.736171e-04	7.062981e-05	1480.97	0.000000e+00	0.000000e+00	350.00	111
oligos_8nt_mkv6_m4	6.1	333	20960493	7501	3.577357e-04	6.622822e-05	1388.67	0.000000e+00	0.000000e+00	350.00	112
oligos_8nt_mkv6_m4	6.2	338	20960831	7163	3.416159e-04	6.290337e-05	1318.96	0.000000e+00	0.000000e+00	350.00	113
oligos_8nt_mkv6_m4	6.3	430	20961261	6733	3.211085e-04	5.906087e-05	1238.39	0.000000e+00	0.000000e+00	350.00	114
oligos_8nt_mkv6_m4	6.4	369	20961630	6364	3.035102e-04	5.543604e-05	1162.38	0.000000e+00	0.000000e+00	350.00	115
oligos_8nt_mkv6_m4	6.5	336	20961966	6028	2.874858e-04	5.272066e-05	1105.45	0.000000e+00	0.000000e+00	350.00	116
oligos_8nt_mkv6_m4	6.6	227	20962193	5801	2.766598e-04	4.988582e-05	1046.01	0.000000e+00	0.000000e+00	350.00	117
oligos_8nt_mkv6_m4	6.7	234	20962427	5567	2.654999e-04	4.777674e-05	1001.78	0.000000e+00	0.000000e+00	350.00	118
oligos_8nt_mkv6_m4	6.8	221	20962648	5346	2.549600e-04	4.535765e-05	951.06	0.000000e+00	0.000000e+00	350.00	119
oligos_8nt_mkv6_m4	6.9	186	20962834	5160	2.460894e-04	4.302380e-05	902.12	0.000000e+00	0.000000e+00	350.00	120
oligos_8nt_mkv6_m4	7.0	245	20963079	4915	2.344049e-04	4.110773e-05	861.95	0.000000e+00	0.000000e+00	350.00	121
oligos_8nt_mkv6_m4	7.1	131	20963210	4784	2.281573e-04	3.884936e-05	814.59	0.000000e+00	0.000000e+00	350.00	122
oligos_8nt_mkv6_m4	7.2	110	20963320	4674	2.229112e-04	3.729022e-05	781.90	0.000000e+00	0.000000e+00	350.00	123
oligos_8nt_mkv6_m4	7.3	145	20963465	4529	2.159959e-04	3.574622e-05	749.53	0.000000e+00	0.000000e+00	350.00	124
oligos_8nt_mkv6_m4	7.4	73	20963538	4456	2.125144e-04	3.423775e-05	717.90	0.000000e+00	0.000000e+00	350.00	125
oligos_8nt_mkv6_m4	7.5	161	20963699	4295	2.048360e-04	3.285765e-05	688.96	0.000000e+00	0.000000e+00	350.00	126
oligos_8nt_mkv6_m4	7.6	136	20963835	4159	1.983499e-04	3.144774e-05	659.40	0.000000e+00	0.000000e+00	350.00	127
oligos_8nt_mkv6_m4	7.7	91	20963926	4068	1.940100e-04	3.028079e-05	634.93	0.000000e+00	0.000000e+00	350.00	128
oligos_8nt_mkv6_m4	7.8	65	20963991	4003	1.909100e-04	2.896691e-05	607.38	0.000000e+00	0.000000e+00	350.00	129
oligos_8nt_mkv6_m4	7.9	75	20964066	3928	1.873331e-04	2.788073e-05	584.60	0.000000e+00	0.000000e+00	350.00	130
oligos_8nt_mkv6_m4	8.0	60	20964126	3868	1.844716e-04	2.706349e-05	567.47	0.000000e+00	0.000000e+00	350.00	131
oligos_8nt_mkv6_m4	8.1	65	20964191	3803	1.813717e-04	2.593703e-05	543.85	0.000000e+00	0.000000e+00	350.00	132
oligos_8nt_mkv6_m4	8.2	60	20964251	3743	1.785102e-04	2.498559e-05	523.90	0.000000e+00	0.000000e+00	350.00	133
oligos_8nt_mkv6_m4	8.3	62	20964313	3681	1.755533e-04	2.384342e-05	499.95	0.000000e+00	0.000000e+00	350.00	134
oligos_8nt_mkv6_m4	8.4	83	20964396	3598	1.715949e-04	2.297656e-05	481.77	0.000000e+00	0.000000e+00	350.00	135
oligos_8nt_mkv6_m4	8.5	51	20964447	3547	1.691626e-04	2.180965e-05	457.30	0.000000e+00	0.000000e+00	350.00	136
oligos_8nt_mkv6_m4	8.6	83	20964530	3464	1.652042e-04	2.088252e-05	437.86	0.000000e+00	0.000000e+00	350.00	137
oligos_8nt_mkv6_m4	8.7	75	20964605	3389	1.616273e-04	1.999985e-05	419.36	0.000000e+00	0.000000e+00	350.00	138
oligos_8nt_mkv6_m4	8.8	81	20964686	3308	1.577643e-04	1.873675e-05	392.87	0.000000e+00	0.000000e+00	350.00	139
oligos_8nt_mkv6_m4	8.9	79	20964765	3229	1.539966e-04	1.778905e-05	373.00	0.000000e+00	0.000000e+00	350.00	140
oligos_8nt_mkv6_m4	9.0	60	20964825	3169	1.511351e-04	1.679643e-05	352.19	0.000000e+00	0.000000e+00	350.00	141
oligos_8nt_mkv6_m4	9.1	89	20964914	3080	1.468905e-04	1.619081e-05	339.49	0.000000e+00	0.000000e+00	350.00	142
oligos_8nt_mkv6_m4	9.2	80	20964994	3000	1.430752e-04	1.524878e-05	319.74	0.000000e+00	0.000000e+00	350.00	143
oligos_8nt_mkv6_m4	9.3	95	20965089	2905	1.385445e-04	1.428597e-05	299.55	0.000000e+00	0.000000e+00	350.00	144
oligos_8nt_mkv6_m4	9.4	96	20965185	2809	1.339661e-04	1.348183e-05	282.69	0.000000e+00	0.000000e+00	350.00	145
oligos_8nt_mkv6_m4	9.5	68	20965253	2741	1.307231e-04	1.260887e-05	264.38	0.000000e+00	0.000000e+00	350.00	146
oligos_8nt_mkv6_m4	9.6	88	20965341	2653	1.265262e-04	1.192744e-05	250.09	0.000000e+00	0.000000e+00	350.00	147
oligos_8nt_mkv6_m4	9.7	59	20965400	2594	1.237124e-04	1.123276e-05	235.53	0.000000e+00	0.000000e+00	350.00	148
oligos_8nt_mkv6_m4	9.8	110	20965510	2484	1.184663e-04	1.068301e-05	224.00	0.000000e+00	0.000000e+00	350.00	149
oligos_8nt_mkv6_m4	9.9	66	20965576	2418	1.153186e-04	9.859994e-06	206.74	0.000000e+00	0.000000e+00	350.00	150
oligos_8nt_mkv6_m4	10.0	107	20965683	2311	1.102156e-04	9.185536e-06	192.60	0.000000e+00	0.000000e+00	350.00	151
oligos_8nt_mkv6_m4	10.1	103	20965786	2208	1.053034e-04	8.687575e-06	182.16	0.000000e+00	0.000000e+00	350.00	152
oligos_8nt_mkv6_m4	10.2	105	20965891	2103	1.002957e-04	7.835852e-06	164.30	0.000000e+00	0.000000e+00	350.00	153
oligos_8nt_mkv6_m4	10.3	77	20965968	2026	9.662346e-05	7.227263e-06	151.54	0.000000e+00	0.000000e+00	350.00	154
oligos_8nt_mkv6_m4	10.4	88	20966056	1938	9.242659e-05	6.615341e-06	138.71	0.000000e+00	0.000000e+00	350.00	155
oligos_8nt_mkv6_m4	10.5	95	20966151	1843	8.789587e-05	6.335622e-06	132.85	0.000000e+00	0.000000e+00	350.00	156
oligos_8nt_mkv6_m4	10.6	70	20966221	1773	8.455745e-05	5.858562e-06	122.84	0.000000e+00	0.000000e+00	350.00	157
oligos_8nt_mkv6_m4	10.7	104	20966325	1669	7.959751e-05	5.433863e-06	113.94	0.000000e+00	0.000000e+00	350.00	158
oligos_8nt_mkv6_m4	10.8	79	20966404	1590	7.582986e-05	5.048561e-06	105.86	0.000000e+00	0.000000e+00	350.00	159
oligos_8nt_mkv6_m4	10.9	88	20966492	1502	7.163299e-05	4.649573e-06	97.49	0.000000e+00	0.000000e+00	350.00	160
oligos_8nt_mkv6_m4	11.0	55	20966547	1447	6.900994e-05	4.247208e-06	89.06	0.000000e+00	0.000000e+00	350.00	161
oligos_8nt_mkv6_m4	11.1	97	20966644	1350	6.438384e-05	3.885489e-06	81.47	0.000000e+00	0.000000e+00	350.00	162
oligos_8nt_mkv6_m4	11.2	109	20966753	1241	5.918545e-05	3.586949e-06	75.21	0.000000e+00	0.000000e+00	350.00	163
oligos_8nt_mkv6_m4	11.3	96	20966849	1145	5.460704e-05	3.103116e-06	65.07	0.000000e+00	0.000000e+00	350.00	164
oligos_8nt_mkv6_m4	11.4	78	20966927	1067	5.088708e-05	2.807393e-06	58.87	0.000000e+00	0.000000e+00	350.00	165
oligos_8nt_mkv6_m4	11.5	109	20967036	958	4.568868e-05	2.499537e-06	52.41	0.000000e+00	0.000000e+00	350.00	166
oligos_8nt_mkv6_m4	11.6	86	20967122	872	4.158719e-05	2.260655e-06	47.40	0.000000e+00	0.000000e+00	350.00	167
oligos_8nt_mkv6_m4	11.7	101	20967223	771	3.677033e-05	1.953788e-06	40.97	0.000000e+00	0.000000e+00	350.00	168
oligos_8nt_mkv6_m4	11.8	86	20967309	685	3.266884e-05	1.647533e-06	34.55	0.000000e+00	0.000000e+00	350.00	169
oligos_8nt_mkv6_m4	11.9	92	20967401	593	2.828120e-05	1.380746e-06	28.95	0.000000e+00	0.000000e+00	350.00	170
oligos_8nt_mkv6_m4	12.0	47	20967448	546	2.603969e-05	1.136200e-06	23.82	0.000000e+00	0.000000e+00	350.00	171
oligos_8nt_mkv6_m4	12.1	48	20967496	498	2.375048e-05	9.922816e-07	20.81	0.000000e+00	0.000000e+00	350.00	172
oligos_8nt_mkv6_m4	12.2	63	20967559	435	2.074591e-05	8.432457e-07	17.68	0.000000e+00	0.000000e+00	350.00	173
oligos_8nt_mkv6_m4	12.3	55	20967614	380	1.812286e-05	7.206333e-07	15.11	0.000000e+00	0.000000e+00	350.00	174
oligos_8nt_mkv6_m4	12.4	54	20967668	326	1.554751e-05	5.726669e-07	12.01	0.000000e+00	0.000000e+00	350.00	175
oligos_8nt_mkv6_m4	12.5	55	20967723	271	1.292446e-05	4.921004e-07	10.32	9.263464e-274	1.741531e-271	270.76	176
oligos_8nt_mkv6_m4	12.6	29	20967752	242	1.154140e-05	3.711649e-07	7.78	8.135588e-262	1.529491e-259	258.82	177
oligos_8nt_mkv6_m4	12.7	52	20967804	190	9.061430e-06	2.954749e-07	6.20	6.793919e-205	1.277257e-202	201.89	178
oligos_8nt_mkv6_m4	12.8	29	20967833	161	7.678370e-06	2.281166e-07	4.78	3.083838e-180	5.797616e-178	177.24	179
oligos_8nt_mkv6_m4	12.9	21	20967854	140	6.676843e-06	1.624566e-07	3.41	8.377643e-169	1.574997e-166	165.80	180
oligos_8nt_mkv6_m4	13.0	52	20967906	88	4.196873e-06	1.359886e-07	2.85	3.569697e-96	6.711029e-94	93.17	181
oligos_8nt_mkv6_m4	13.1	3	20967909	85	4.053798e-06	7.638634e-08	1.60	1.783858e-112	3.353653e-110	109.47	182
oligos_8nt_mkv6_m4	13.2	23	20967932	62	2.956888e-06	6.095334e-08	1.28	3.649859e-80	6.861735e-78	77.16	183
oligos_8nt_mkv6_m4	13.4	25	20967957	37	1.764594e-06	4.505462e-08	0.94	3.530655e-45	6.637631e-43	42.18	184
oligos_8nt_mkv6_m4	13.5	22	20967979	15	7.153760e-07	4.081634e-08	0.86	3.322551e-14	6.246396e-12	11.20	185
oligos_8nt_mkv6_m4	13.7	11	20967990	4	1.907669e-07	1.228359e-08	0.26	1.493556e-04	2.807886e-02	1.55	186
oligos_8nt_mkv6_m4	13.8	3	20967993	1	4.769174e-08	3.825597e-09	0.08	7.708219e-02	1.449145e+01	-1.16	187
oligos_8nt_mkv6_m4	13.9	1	20967994	0	0.000000e+00	9.745455e-10	0.02	1.000000e+00	1.880000e+02	-2.27	188
; Number of sequences scanned	43038
; Sum of sequence lengths	11000544
; N residues           	63
; Matches per matrix
;	matrix	name              	matches	scored
;	1	oligos_8nt_mkv6_m4	20967993	20967993
;		TOTAL          	20967993	20967993
; Host name	rsat
; Job started	2014-09-03.103256
; Job done	2014-09-03.103313
; Seconds	9.57
;	user	9.57
;	system	0.04
;	cuser	0.59
;	csystem	0.03
