; position-analysis -v 1 -i $RSAT/public_html/tmp/wwwrun/2014/09/03/peak-motifs.2014-09-03.094519_2014-09-03.094519_gM9GBj/data/sequences/peak-motifs_test_maxlen1000_purged_ml30_mis0.fasta -format fasta -sort -return html,chi,sig,distrib,exp_occ,graphs,rank,index -max_graphs 100 -2str -noov -seqtype dna -l 6 -ci 50 -lth_occ 1 -lth_sig 0 -uth_rank 100 -img_format png -title CEBPa_ChIP-seq_in_dog_liver -origin center -max_graphs 20 -o $RSAT/public_html/tmp/wwwrun/2014/09/03/peak-motifs.2014-09-03.094519_2014-09-03.094519_gM9GBj/results/positions_6nt/peak-motifs_positions-2str-noov_6nt_ci50.tab
; Profiles of expected occurrences
; Position intervals:
;	window	[min,max]	mid	seq	occ
;	1	-10	[-499,-450]	-474.5	22	664
;	2	-9	[-449,-400]	-424.5	50	1678
;	3	-8	[-399,-350]	-374.5	126	3960
;	4	-7	[-349,-300]	-324.5	384	11944
;	5	-6	[-299,-250]	-274.5	1097	35127
;	6	-5	[-249,-200]	-224.5	3965	108147
;	7	-4	[-199,-150]	-174.5	13882	430281
;	8	-3	[-149,-100]	-124.5	26913	1011743
;	9	-2	[-99,-50]	-74.5	41757	1779855
;	10	-1	[-49,0]	-24.5	43038	2138451
;	11	0	[1,50]	25.5	43038	2129109
;	12	1	[51,100]	75.5	41037	1688184
;	13	2	[101,150]	125.5	25161	934442
;	14	3	[151,200]	175.5	12588	372387
;	15	4	[201,250]	225.5	3326	92302
;	16	5	[251,300]	275.5	973	30983
;	17	6	[301,350]	325.5	341	10482
;	18	7	[351,400]	375.5	107	3553
;	19	8	[401,450]	425.5	44	1518
;	20	9	[451,500]	475.5	19	544
;
; column headers
;	1	seq            	pattern sequence
;	2	id             	pattern identifier
;	3	-474.5         	expected occurrences	in window	1	[-499,-450]
;	4	-424.5         	expected occurrences	in window	2	[-449,-400]
;	5	-374.5         	expected occurrences	in window	3	[-399,-350]
;	6	-324.5         	expected occurrences	in window	4	[-349,-300]
;	7	-274.5         	expected occurrences	in window	5	[-299,-250]
;	8	-224.5         	expected occurrences	in window	6	[-249,-200]
;	9	-174.5         	expected occurrences	in window	7	[-199,-150]
;	10	-124.5         	expected occurrences	in window	8	[-149,-100]
;	11	-74.5          	expected occurrences	in window	9	[-99,-50]
;	12	-24.5          	expected occurrences	in window	10	[-49,0]
;	13	25.5           	expected occurrences	in window	11	[1,50]
;	14	75.5           	expected occurrences	in window	12	[51,100]
;	15	125.5          	expected occurrences	in window	13	[101,150]
;	16	175.5          	expected occurrences	in window	14	[151,200]
;	17	225.5          	expected occurrences	in window	15	[201,250]
;	18	275.5          	expected occurrences	in window	16	[251,300]
;	19	325.5          	expected occurrences	in window	17	[301,350]
;	20	375.5          	expected occurrences	in window	18	[351,400]
;	21	425.5          	expected occurrences	in window	19	[401,450]
;	22	475.5          	expected occurrences	in window	20	[451,500]
#seq	id	-474.5	-424.5	-374.5	-324.5	-274.5	-224.5	-174.5	-124.5	-74.5	-24.5	25.5	75.5	125.5	175.5	225.5	275.5	325.5	375.5	425.5	475.5
attgca	attgca|tgcaat	0.9	2.2	5.2	15.7	46.2	142.3	566.0	1330.9	2341.4	2813.1	2800.8	2220.8	1229.2	489.9	121.4	40.8	13.8	4.7	2.0	0.7
gtgcaa	gtgcaa|ttgcac	0.7	1.7	4.1	12.4	36.5	112.5	447.5	1052.3	1851.3	2224.2	2214.5	1755.9	971.9	387.3	96.0	32.2	10.9	3.7	1.6	0.6
gttgca	gttgca|tgcaac	0.6	1.6	3.8	11.6	34.1	104.9	417.2	980.9	1725.7	2073.3	2064.3	1636.8	906.0	361.0	89.5	30.0	10.2	3.4	1.5	0.5
gcacaa	gcacaa|ttgtgc	0.7	1.7	4.0	12.0	35.2	108.5	431.8	1015.3	1786.1	2145.9	2136.5	1694.1	937.7	373.7	92.6	31.1	10.5	3.6	1.5	0.5
tgcaca	tgcaca|tgtgca	0.8	2.0	4.8	14.4	42.3	130.2	518.2	1218.4	2143.3	2575.2	2563.9	2033.0	1125.3	448.4	111.2	37.3	12.6	4.3	1.8	0.7
attgtg	attgtg|cacaat	0.7	1.8	4.2	12.8	37.6	115.9	460.9	1083.8	1906.7	2290.9	2280.8	1808.5	1001.0	398.9	98.9	33.2	11.2	3.8	1.6	0.6
gcaaca	gcaaca|tgttgc	0.6	1.6	3.8	11.4	33.6	103.4	411.3	967.2	1701.4	2044.2	2035.3	1613.8	893.3	356.0	88.2	29.6	10.0	3.4	1.5	0.5
gattgc	gattgc|gcaatc	0.5	1.2	2.9	8.6	25.4	78.2	311.1	731.5	1286.9	1546.1	1539.4	1220.6	675.6	269.2	66.7	22.4	7.6	2.6	1.1	0.4
gcaata	gcaata|tattgc	0.5	1.4	3.3	9.9	29.0	89.2	355.0	834.8	1468.6	1764.4	1756.7	1392.9	771.0	307.3	76.2	25.6	8.6	2.9	1.3	0.4
attgcg	attgcg|cgcaat	0.2	0.4	1.0	3.1	9.3	28.5	113.3	266.5	468.8	563.3	560.8	444.7	246.1	98.1	24.3	8.2	2.8	0.9	0.4	0.1
aaaaaa	aaaaaa|tttttt	1.3	3.3	7.9	23.7	69.8	214.7	854.4	2009.0	3534.2	4246.2	4227.7	3352.2	1855.5	739.4	183.3	61.5	20.8	7.1	3.0	1.1
ttgcaa	ttgcaa|ttgcaa	0.5	1.3	3.0	8.9	26.2	80.8	321.5	755.9	1329.8	1597.7	1590.7	1261.3	698.1	278.2	69.0	23.1	7.8	2.7	1.1	0.4
cacaac	cacaac|gttgtg	0.5	1.3	3.1	9.4	27.6	84.9	337.6	793.8	1396.4	1677.8	1670.5	1324.5	733.1	292.2	72.4	24.3	8.2	2.8	1.2	0.4
gcgcaa	gcgcaa|ttgcgc	0.1	0.4	0.9	2.6	7.6	23.5	93.4	219.5	386.2	464.0	461.9	366.3	202.7	80.8	20.0	6.7	2.3	0.8	0.3	0.1
taaaaa	taaaaa|ttttta	1.3	3.3	7.8	23.5	69.0	212.4	845.1	1987.2	3495.9	4200.2	4181.9	3315.8	1835.4	731.4	181.3	60.9	20.6	7.0	3.0	1.1
ttaaaa	ttaaaa|ttttaa	1.4	3.4	8.1	24.4	71.9	221.3	880.5	2070.4	3642.3	4376.1	4357.0	3454.7	1912.2	762.0	188.9	63.4	21.5	7.3	3.1	1.1
atgcaa	atgcaa|ttgcat	0.7	1.8	4.1	12.5	36.8	113.2	450.3	1058.8	1862.6	2237.9	2228.1	1766.7	977.9	389.7	96.6	32.4	11.0	3.7	1.6	0.6
cattgc	cattgc|gcaatg	0.5	1.3	3.0	9.0	26.6	81.9	325.9	766.2	1347.9	1619.5	1612.4	1278.5	707.7	282.0	69.9	23.5	7.9	2.7	1.1	0.4
aaaaat	aaaaat|attttt	1.4	3.5	8.2	24.8	72.9	224.3	892.4	2098.3	3691.3	4435.0	4415.6	3501.2	1938.0	772.3	191.4	64.3	21.7	7.4	3.1	1.1
acgcaa	acgcaa|ttgcgt	0.2	0.4	1.0	2.9	8.5	26.1	103.9	244.3	429.7	516.3	514.0	407.6	225.6	89.9	22.3	7.5	2.5	0.9	0.4	0.1
tcgcaa	tcgcaa|ttgcga	0.1	0.3	0.8	2.4	7.1	21.9	87.1	204.7	360.1	432.6	430.7	341.5	189.0	75.3	18.7	6.3	2.1	0.7	0.3	0.1
cgcaac	cgcaac|gttgcg	0.1	0.3	0.7	2.2	6.5	19.9	79.4	186.6	328.2	394.4	392.6	311.3	172.3	68.7	17.0	5.7	1.9	0.7	0.3	0.1
aattgc	aattgc|gcaatt	0.5	1.3	3.1	9.2	27.2	83.7	333.1	783.2	1377.8	1655.4	1648.2	1306.8	723.4	288.3	71.5	24.0	8.1	2.8	1.2	0.4
gcgtaa	gcgtaa|ttacgc	0.1	0.3	0.6	1.9	5.7	17.5	69.8	164.1	288.6	346.8	345.3	273.8	151.5	60.4	15.0	5.0	1.7	0.6	0.2	0.1
caatca	caatca|tgattg	0.5	1.3	3.0	9.0	26.3	81.0	322.5	758.2	1333.9	1602.6	1595.6	1265.2	700.3	279.1	69.2	23.2	7.9	2.7	1.1	0.4
gcaacc	gcaacc|ggttgc	0.4	0.9	2.1	6.3	18.6	57.4	228.2	536.6	943.9	1134.1	1129.2	895.3	495.6	197.5	49.0	16.4	5.6	1.9	0.8	0.3
aaaata	aaaata|tatttt	1.3	3.2	7.5	22.7	66.8	205.7	818.4	1924.4	3385.3	4067.4	4049.6	3211.0	1777.3	708.3	175.6	58.9	19.9	6.8	2.9	1.0
ataaaa	ataaaa|ttttat	1.0	2.6	6.2	18.7	54.9	168.9	672.0	1580.1	2779.7	3339.7	3325.1	2636.5	1459.4	581.6	144.2	48.4	16.4	5.5	2.4	0.8
atgttg	atgttg|caacat	0.6	1.4	3.3	10.1	29.6	91.0	362.2	851.8	1498.4	1800.3	1792.5	1421.3	786.7	313.5	77.7	26.1	8.8	3.0	1.3	0.5
tacgca	tacgca|tgcgta	0.1	0.3	0.7	2.1	6.3	19.3	76.7	180.3	317.2	381.1	379.4	300.8	166.5	66.4	16.4	5.5	1.9	0.6	0.3	0.1
agttgc	agttgc|gcaact	0.4	1.1	2.5	7.5	22.1	68.0	270.5	636.0	1118.9	1344.3	1338.4	1061.2	587.4	234.1	58.0	19.5	6.6	2.2	1.0	0.3
caacac	caacac|gtgttg	0.5	1.2	2.8	8.4	24.6	75.7	301.2	708.3	1246.1	1497.2	1490.6	1181.9	654.2	260.7	64.6	21.7	7.3	2.5	1.1	0.4
tcacaa	tcacaa|ttgtga	0.6	1.6	3.8	11.6	34.0	104.7	416.5	979.4	1723.0	2070.2	2061.1	1634.3	904.6	360.5	89.4	30.0	10.1	3.4	1.5	0.5
atttta	atttta|taaaat	1.0	2.5	6.0	18.1	53.2	163.8	651.9	1532.8	2696.5	3239.8	3225.6	2557.6	1415.7	564.2	139.8	46.9	15.9	5.4	2.3	0.8
agcaat	agcaat|attgct	0.6	1.5	3.5	10.7	31.4	96.5	384.1	903.2	1588.9	1909.0	1900.6	1507.0	834.2	332.4	82.4	27.7	9.4	3.2	1.4	0.5
gcaaga	gcaaga|tcttgc	0.5	1.3	3.0	9.2	27.0	83.0	330.3	776.7	1366.4	1641.7	1634.5	1296.0	717.4	285.9	70.9	23.8	8.0	2.7	1.2	0.4
tttaaa	tttaaa|tttaaa	0.7	1.7	4.1	12.4	36.5	112.4	447.0	1051.1	1849.1	2221.7	2212.0	1753.9	970.8	386.9	95.9	32.2	10.9	3.7	1.6	0.6
cgcaag	cgcaag|cttgcg	0.1	0.3	0.7	2.0	5.9	18.3	72.8	171.3	301.3	362.0	360.5	285.8	158.2	63.0	15.6	5.2	1.8	0.6	0.3	0.1
attgcc	attgcc|ggcaat	0.4	1.0	2.4	7.2	21.3	65.6	261.0	613.8	1079.8	1297.3	1291.6	1024.1	566.9	225.9	56.0	18.8	6.4	2.2	0.9	0.3
gcgaaa	gcgaaa|tttcgc	0.1	0.3	0.7	2.0	5.8	17.9	71.3	167.5	294.7	354.1	352.6	279.6	154.7	61.7	15.3	5.1	1.7	0.6	0.3	0.1
aaaaag	aaaaag|cttttt	1.0	2.6	6.2	18.8	55.3	170.2	677.3	1592.5	2801.5	3365.9	3351.2	2657.2	1470.8	586.1	145.3	48.8	16.5	5.6	2.4	0.9
gagcaa	gagcaa|ttgctc	0.6	1.5	3.5	10.7	31.4	96.5	384.1	903.1	1588.7	1908.8	1900.4	1506.9	834.1	332.4	82.4	27.7	9.4	3.2	1.4	0.5
agattg	agattg|caatct	0.4	1.1	2.7	8.1	23.7	73.0	290.4	682.8	1201.2	1443.2	1436.9	1139.3	630.7	251.3	62.3	20.9	7.1	2.4	1.0	0.4
aaataa	aaataa|ttattt	1.3	3.3	7.7	23.3	68.6	211.1	839.7	1974.5	3473.5	4173.3	4155.0	3294.6	1823.6	726.7	180.1	60.5	20.5	6.9	3.0	1.1
caacag	caacag|ctgttg	0.6	1.5	3.6	11.0	32.3	99.4	395.4	929.8	1635.7	1965.3	1956.7	1551.5	858.8	342.2	84.8	28.5	9.6	3.3	1.4	0.5
tgcgca	tgcgca|tgcgca	0.1	0.2	0.5	1.4	4.2	13.0	51.6	121.3	213.4	256.4	255.2	202.4	112.0	44.6	11.1	3.7	1.3	0.4	0.2	0.1
gcatca	gcatca|tgatgc	0.4	0.9	2.2	6.6	19.3	59.4	236.3	555.6	977.4	1174.4	1169.2	927.1	513.2	204.5	50.7	17.0	5.8	2.0	0.8	0.3
tgcgaa	tgcgaa|ttcgca	0.1	0.3	0.7	2.0	5.9	18.1	72.1	169.5	298.2	358.3	356.7	282.8	156.6	62.4	15.5	5.2	1.8	0.6	0.3	0.1
caatag	caatag|ctattg	0.4	0.9	2.2	6.6	19.3	59.6	236.9	557.1	980.1	1177.5	1172.4	929.6	514.6	205.1	50.8	17.1	5.8	2.0	0.8	0.3
gaaaaa	gaaaaa|tttttc	1.1	2.7	6.3	19.1	56.1	172.7	687.2	1615.8	2842.6	3415.3	3400.3	2696.2	1492.4	594.7	147.4	49.5	16.7	5.7	2.4	0.9
aaaatt	aaaatt|aatttt	1.0	2.5	5.9	17.9	52.7	162.2	645.4	1517.5	2669.6	3207.5	3193.5	2532.1	1401.6	558.5	138.4	46.5	15.7	5.3	2.3	0.8
gctcaa	gctcaa|ttgagc	0.4	1.1	2.6	7.7	22.8	70.1	279.0	656.1	1154.2	1386.7	1380.7	1094.7	606.0	241.5	59.9	20.1	6.8	2.3	1.0	0.4
agaaaa	agaaaa|ttttct	1.3	3.2	7.5	22.6	66.6	204.9	815.2	1916.9	3372.1	4051.5	4033.8	3198.4	1770.4	705.5	174.9	58.7	19.9	6.7	2.9	1.0
cttgca	cttgca|tgcaag	0.5	1.3	3.1	9.3	27.3	84.0	334.2	785.7	1382.3	1660.7	1653.5	1311.1	725.7	289.2	71.7	24.1	8.1	2.8	1.2	0.4
tgcaaa	tgcaaa|tttgca	0.8	2.1	5.0	15.0	44.1	135.8	540.3	1270.3	2234.8	2685.0	2673.3	2119.7	1173.3	467.6	115.9	38.9	13.2	4.5	1.9	0.7
aataaa	aataaa|tttatt	1.3	3.2	7.5	22.6	66.4	204.5	813.5	1912.7	3364.9	4042.8	4025.1	3191.6	1766.6	704.0	174.5	58.6	19.8	6.7	2.9	1.0
attacg	attacg|cgtaat	0.1	0.3	0.6	1.8	5.4	16.7	66.4	156.2	274.8	330.1	328.7	260.6	144.3	57.5	14.2	4.8	1.6	0.5	0.2	0.1
gatgca	gatgca|tgcatc	0.4	0.9	2.2	6.6	19.5	59.9	238.5	560.7	986.4	1185.1	1179.9	935.6	517.8	206.4	51.2	17.2	5.8	2.0	0.8	0.3
acattg	acattg|caatgt	0.5	1.2	2.9	8.6	25.3	77.9	309.7	728.3	1281.3	1539.4	1532.7	1215.3	672.7	268.1	66.4	22.3	7.5	2.6	1.1	0.4
ataaat	ataaat|atttat	0.8	2.1	5.0	15.0	44.1	135.8	540.5	1270.9	2235.8	2686.2	2674.5	2120.6	1173.8	467.8	115.9	38.9	13.2	4.5	1.9	0.7
tgtgaa	tgtgaa|ttcaca	0.7	1.9	4.4	13.2	38.9	119.7	476.4	1120.2	1970.6	2367.6	2357.2	1869.1	1034.6	412.3	102.2	34.3	11.6	3.9	1.7	0.6
acaatc	acaatc|gattgt	0.4	0.9	2.1	6.4	18.7	57.7	229.4	539.5	949.1	1140.3	1135.3	900.2	498.3	198.6	49.2	16.5	5.6	1.9	0.8	0.3
tataaa	tataaa|tttata	0.6	1.6	3.7	11.2	32.9	101.2	402.5	946.4	1664.9	2000.4	1991.6	1579.2	874.1	348.3	86.3	29.0	9.8	3.3	1.4	0.5
caatcc	caatcc|ggattg	0.3	0.9	2.1	6.2	18.4	56.5	224.9	528.8	930.2	1117.7	1112.8	882.3	488.4	194.6	48.2	16.2	5.5	1.9	0.8	0.3
aaaaga	aaaaga|tctttt	1.0	2.6	6.1	18.3	53.8	165.5	658.5	1548.3	2723.7	3272.5	3258.2	2583.5	1430.0	569.9	141.3	47.4	16.0	5.4	2.3	0.8
gtgtaa	gtgtaa|ttacac	0.4	1.1	2.5	7.5	22.2	68.3	271.8	639.2	1124.5	1351.0	1345.1	1066.6	590.4	235.3	58.3	19.6	6.6	2.2	1.0	0.3
attaaa	attaaa|tttaat	0.7	1.8	4.4	13.2	38.7	119.1	473.9	1114.3	1960.3	2355.3	2345.0	1859.4	1029.2	410.1	101.7	34.1	11.5	3.9	1.7	0.6
gtgaaa	gtgaaa|tttcac	0.7	1.8	4.2	12.6	37.1	114.2	454.4	1068.5	1879.6	2258.3	2248.5	1782.8	986.8	393.3	97.5	32.7	11.1	3.8	1.6	0.6
caatac	caatac|gtattg	0.3	0.8	1.8	5.4	15.9	49.0	194.9	458.3	806.3	968.8	964.5	764.8	423.3	168.7	41.8	14.0	4.7	1.6	0.7	0.2
catcac	catcac|gtgatg	0.4	1.0	2.3	7.1	20.8	63.9	254.3	597.8	1051.7	1263.6	1258.1	997.5	552.2	220.0	54.5	18.3	6.2	2.1	0.9	0.3
atataa	atataa|ttatat	0.5	1.2	2.7	8.3	24.3	75.0	298.2	701.2	1233.6	1482.1	1475.6	1170.0	647.6	258.1	64.0	21.5	7.3	2.5	1.1	0.4
acacaa	acacaa|ttgtgt	0.7	1.7	4.0	12.1	35.6	109.5	435.7	1024.6	1802.4	2165.5	2156.1	1709.6	946.3	377.1	93.5	31.4	10.6	3.6	1.5	0.6
agcaac	agcaac|gttgct	0.4	1.1	2.5	7.5	22.0	67.8	269.6	633.9	1115.1	1339.7	1333.9	1057.6	585.4	233.3	57.8	19.4	6.6	2.2	1.0	0.3
cccccc	cccccc|gggggg	0.2	0.5	1.2	3.6	10.5	32.3	128.6	302.4	532.0	639.2	636.4	504.6	279.3	111.3	27.6	9.3	3.1	1.1	0.5	0.2
aattaa	aattaa|ttaatt	0.6	1.6	3.8	11.4	33.5	103.3	410.8	966.0	1699.4	2041.8	2032.9	1611.9	892.2	355.6	88.1	29.6	10.0	3.4	1.4	0.5
caattg	caattg|caattg	0.2	0.5	1.1	3.2	9.5	29.2	116.3	273.5	481.2	578.2	575.6	456.4	252.6	100.7	25.0	8.4	2.8	1.0	0.4	0.1
gcataa	gcataa|ttatgc	0.4	0.9	2.1	6.4	18.7	57.6	229.2	539.0	948.2	1139.3	1134.3	899.4	497.8	198.4	49.2	16.5	5.6	1.9	0.8	0.3
atattg	atattg|caatat	0.5	1.2	2.9	8.8	26.0	80.0	318.1	748.0	1315.9	1581.0	1574.1	1248.1	690.9	275.3	68.2	22.9	7.7	2.6	1.1	0.4
aaagaa	aaagaa|ttcttt	1.1	2.9	6.8	20.5	60.3	185.6	738.3	1736.0	3054.0	3669.3	3653.2	2896.7	1603.4	639.0	158.4	53.2	18.0	6.1	2.6	0.9
tgagca	tgagca|tgctca	0.6	1.6	3.7	11.0	32.5	100.0	397.8	935.4	1645.5	1977.0	1968.3	1560.7	863.9	344.3	85.3	28.6	9.7	3.3	1.4	0.5
attata	attata|tataat	0.4	1.0	2.4	7.2	21.1	64.9	258.1	606.9	1067.7	1282.8	1277.2	1012.7	560.6	223.4	55.4	18.6	6.3	2.1	0.9	0.3
atgatg	atgatg|catcat	0.5	1.2	2.7	8.3	24.3	75.0	298.2	701.2	1233.6	1482.1	1475.6	1170.0	647.6	258.1	64.0	21.5	7.3	2.5	1.1	0.4
atttaa	atttaa|ttaaat	0.7	1.9	4.5	13.5	39.6	122.0	485.3	1141.2	2007.5	2412.0	2401.5	1904.1	1054.0	420.0	104.1	34.9	11.8	4.0	1.7	0.6
tatata	tatata|tatata	0.2	0.4	1.1	3.2	9.4	28.9	114.8	270.0	474.9	570.6	568.1	450.5	249.3	99.4	24.6	8.3	2.8	0.9	0.4	0.1
aagaaa	aagaaa|tttctt	1.2	3.0	7.0	21.2	62.2	191.6	762.3	1792.5	3153.3	3788.6	3772.1	2990.9	1655.5	659.7	163.5	54.9	18.6	6.3	2.7	1.0
caacca	caacca|tggttg	0.5	1.2	2.8	8.3	24.5	75.4	300.2	705.8	1241.6	1491.8	1485.3	1177.7	651.9	259.8	64.4	21.6	7.3	2.5	1.1	0.4
tatgca	tatgca|tgcata	0.4	1.0	2.5	7.4	21.8	67.2	267.2	628.3	1105.3	1328.0	1322.2	1048.4	580.3	231.3	57.3	19.2	6.5	2.2	0.9	0.3
aatata	aatata|tatatt	0.5	1.4	3.2	9.6	28.3	87.0	346.3	814.3	1432.6	1721.2	1713.7	1358.8	752.1	299.7	74.3	24.9	8.4	2.9	1.2	0.4
ccccca	ccccca|tggggg	0.4	1.0	2.4	7.3	21.5	66.3	263.7	620.1	1090.8	1310.6	1304.9	1034.6	572.7	228.2	56.6	19.0	6.4	2.2	0.9	0.3
acaaca	acaaca|tgttgt	0.6	1.4	3.4	10.1	29.8	91.7	365.0	858.3	1510.0	1814.2	1806.3	1432.2	792.8	315.9	78.3	26.3	8.9	3.0	1.3	0.5
atttcg	atttcg|cgaaat	0.1	0.3	0.7	2.1	6.2	19.2	76.5	179.8	316.4	380.1	378.4	300.1	166.1	66.2	16.4	5.5	1.9	0.6	0.3	0.1
tacaca	tacaca|tgtgta	0.6	1.4	3.4	10.2	30.1	92.5	368.2	865.7	1522.9	1829.7	1821.7	1444.4	799.5	318.6	79.0	26.5	9.0	3.0	1.3	0.5
gggcaa	gggcaa|ttgccc	0.5	1.2	2.8	8.3	24.5	75.5	300.3	706.1	1242.1	1492.4	1485.9	1178.2	652.1	259.9	64.4	21.6	7.3	2.5	1.1	0.4
atatat	atatat|atatat	0.2	0.5	1.3	3.9	11.5	35.3	140.5	330.4	581.2	698.3	695.3	551.3	305.1	121.6	30.1	10.1	3.4	1.2	0.5	0.2
aaatta	aaatta|taattt	0.8	1.9	4.5	13.5	39.7	122.2	486.3	1143.5	2011.7	2417.0	2406.4	1908.0	1056.1	420.9	104.3	35.0	11.8	4.0	1.7	0.6
aaaaac	aaaaac|gttttt	0.8	2.1	4.9	14.9	43.8	134.7	535.9	1260.2	2216.9	2663.6	2652.0	2102.8	1163.9	463.8	115.0	38.6	13.1	4.4	1.9	0.7
attgag	attgag|ctcaat	0.4	1.1	2.5	7.7	22.5	69.4	276.1	649.2	1142.1	1372.3	1366.3	1083.3	599.6	239.0	59.2	19.9	6.7	2.3	1.0	0.3
cgtaac	cgtaac|gttacg	0.1	0.2	0.5	1.4	4.2	12.9	51.3	120.5	212.1	254.8	253.7	201.1	111.3	44.4	11.0	3.7	1.2	0.4	0.2	0.1
caatga	caatga|tcattg	0.5	1.3	3.0	9.0	26.6	81.8	325.4	765.2	1346.1	1617.3	1610.3	1276.8	706.7	281.6	69.8	23.4	7.9	2.7	1.1	0.4
taaaga	taaaga|tcttta	0.5	1.4	3.2	9.8	28.7	88.5	352.2	828.0	1456.7	1750.2	1742.5	1381.7	764.8	304.8	75.5	25.4	8.6	2.9	1.2	0.4
