; matrix-scan  -v 1 -quick -seq_format fasta -i $RSAT/public_html/tmp/wwwrun/2014/09/03/peak-motifs.2014-09-03.094519_2014-09-03.094519_gM9GBj/data/sequences/peak-motifs_test_maxlen1000.fasta -matrix_format transfac -m $RSAT/public_html/tmp/wwwrun/2014/09/03/peak-motifs.2014-09-03.094519_2014-09-03.094519_gM9GBj/results/discovered_motifs/oligos_6nt_mkv4_m4/peak-motifs_oligos_6nt_mkv4_m4.tf -pseudo 1 -2str -decimals 1 -bg_pseudo 0.01 -n score -lth score -5 -bginput -markov 1 -return distrib -return occ_proba -o $RSAT/public_html/tmp/wwwrun/2014/09/03/peak-motifs.2014-09-03.094519_2014-09-03.094519_gM9GBj/results/discovered_motifs/oligos_6nt_mkv4_m4/peak-motifs_oligos_6nt_mkv4_m4_scan_mkv1_enrichment.tab
; Quick counting mode          
; Input files
;	input	/home/rsat/rsat/public_html/tmp/wwwrun/2014/09/03/peak-motifs.2014-09-03.094519_2014-09-03.094519_gM9GBj/data/sequences/peak-motifs_test_maxlen1000.fasta
; Matrix files
;	matrix 1	/home/rsat/rsat/public_html/tmp/wwwrun/2014/09/03/peak-motifs.2014-09-03.094519_2014-09-03.094519_gM9GBj/results/discovered_motifs/oligos_6nt_mkv4_m4/peak-motifs_oligos_6nt_mkv4_m4.tf
; Sequence format      	fasta
; Output files
;	output	/home/rsat/rsat/public_html/tmp/wwwrun/2014/09/03/peak-motifs.2014-09-03.094519_2014-09-03.094519_gM9GBj/results/discovered_motifs/oligos_6nt_mkv4_m4/peak-motifs_oligos_6nt_mkv4_m4_scan_mkv1_enrichment.tab
; Pseudo counts        	1
; Background model
;	Method        	input
;	Markov order  	1
;	Strand        	undef
;	Background pseudo-frequency	0.01
;	Residue probabilities
;		a	0.28684
;		c	0.21288
;		g	0.21268
;		t	0.28760
; Thresholds	lower	upper
;	score 	-5   	NA
;
; Matrices
;	matrix	name              	ncol	nrow	pseudo	Wmin	Wmax	Wrange
;	1	oligos_6nt_mkv4_m4	13	4	1	-53.800	14.400	68.200	a:0.287 c:0.213 g:0.213 t:0.288 
;
; Score distribution
#matrix	score	occ	occ_cum	inv_cum	inv_cum_freq	occ_prior	exp_occ	occ_Pval	occ_Eval	occ_sig	occ_sig_rank
oligos_6nt_mkv4_m4	-5.0	4493	20797882	170112	8.112946e-03	7.074322e-03	148334.17	0.000000e+00	0.000000e+00	350.00	1
oligos_6nt_mkv4_m4	-4.9	4489	20802371	165623	7.898857e-03	6.854389e-03	143722.63	0.000000e+00	0.000000e+00	350.00	2
oligos_6nt_mkv4_m4	-4.8	4487	20806858	161136	7.684864e-03	6.680730e-03	140081.35	0.000000e+00	0.000000e+00	350.00	3
oligos_6nt_mkv4_m4	-4.7	4526	20811384	156610	7.469011e-03	6.471944e-03	135703.52	0.000000e+00	0.000000e+00	350.00	4
oligos_6nt_mkv4_m4	-4.6	4242	20815626	152368	7.266702e-03	6.288699e-03	131861.26	0.000000e+00	0.000000e+00	350.00	5
oligos_6nt_mkv4_m4	-4.5	4214	20819840	148154	7.065729e-03	6.125660e-03	128442.67	0.000000e+00	0.000000e+00	350.00	6
oligos_6nt_mkv4_m4	-4.4	4088	20823928	144066	6.870765e-03	5.940820e-03	124566.93	0.000000e+00	0.000000e+00	350.00	7
oligos_6nt_mkv4_m4	-4.3	3717	20827645	140349	6.693495e-03	5.784135e-03	121281.57	0.000000e+00	0.000000e+00	350.00	8
oligos_6nt_mkv4_m4	-4.2	3975	20831620	136374	6.503920e-03	5.622500e-03	117892.40	0.000000e+00	0.000000e+00	350.00	9
oligos_6nt_mkv4_m4	-4.1	3532	20835152	132842	6.335473e-03	5.448400e-03	114241.90	0.000000e+00	0.000000e+00	350.00	10
oligos_6nt_mkv4_m4	-4.0	3894	20839046	128948	6.149761e-03	5.306795e-03	111272.72	0.000000e+00	0.000000e+00	350.00	11
oligos_6nt_mkv4_m4	-3.9	3556	20842602	125392	5.980169e-03	5.140441e-03	107784.61	0.000000e+00	0.000000e+00	350.00	12
oligos_6nt_mkv4_m4	-3.8	3610	20846212	121782	5.808001e-03	4.989176e-03	104612.90	0.000000e+00	0.000000e+00	350.00	13
oligos_6nt_mkv4_m4	-3.7	3366	20849578	118416	5.647471e-03	4.843691e-03	101562.37	0.000000e+00	0.000000e+00	350.00	14
oligos_6nt_mkv4_m4	-3.6	3340	20852918	115076	5.488180e-03	4.719292e-03	98953.97	0.000000e+00	0.000000e+00	350.00	15
oligos_6nt_mkv4_m4	-3.5	3024	20855942	112052	5.343960e-03	4.583860e-03	96114.25	0.000000e+00	0.000000e+00	350.00	16
oligos_6nt_mkv4_m4	-3.4	3081	20859023	108971	5.197022e-03	4.438556e-03	93067.52	0.000000e+00	0.000000e+00	350.00	17
oligos_6nt_mkv4_m4	-3.3	3148	20862171	105823	5.046888e-03	4.314115e-03	90458.24	0.000000e+00	0.000000e+00	350.00	18
oligos_6nt_mkv4_m4	-3.2	2791	20864962	103032	4.913780e-03	4.196897e-03	88000.40	0.000000e+00	0.000000e+00	350.00	19
oligos_6nt_mkv4_m4	-3.1	3039	20868001	99993	4.768845e-03	4.072148e-03	85384.67	0.000000e+00	0.000000e+00	350.00	20
oligos_6nt_mkv4_m4	-3.0	2975	20870976	97018	4.626962e-03	3.951827e-03	82861.79	0.000000e+00	0.000000e+00	350.00	21
oligos_6nt_mkv4_m4	-2.9	2863	20873839	94155	4.490420e-03	3.821730e-03	80133.92	0.000000e+00	0.000000e+00	350.00	22
oligos_6nt_mkv4_m4	-2.8	2699	20876538	91456	4.361700e-03	3.706133e-03	77710.08	0.000000e+00	0.000000e+00	350.00	23
oligos_6nt_mkv4_m4	-2.7	2595	20879133	88861	4.237940e-03	3.593512e-03	75348.66	0.000000e+00	0.000000e+00	350.00	24
oligos_6nt_mkv4_m4	-2.6	2662	20881795	86199	4.110985e-03	3.494103e-03	73264.25	0.000000e+00	0.000000e+00	350.00	25
oligos_6nt_mkv4_m4	-2.5	2477	20884272	83722	3.992852e-03	3.387123e-03	71021.09	0.000000e+00	0.000000e+00	350.00	26
oligos_6nt_mkv4_m4	-2.4	2352	20886624	81370	3.880681e-03	3.269890e-03	68562.96	0.000000e+00	0.000000e+00	350.00	27
oligos_6nt_mkv4_m4	-2.3	2316	20888940	79054	3.770227e-03	3.168911e-03	66445.64	0.000000e+00	0.000000e+00	350.00	28
oligos_6nt_mkv4_m4	-2.2	2452	20891392	76602	3.653286e-03	3.081342e-03	64609.48	0.000000e+00	0.000000e+00	350.00	29
oligos_6nt_mkv4_m4	-2.1	2331	20893723	74271	3.542117e-03	2.986589e-03	62622.71	0.000000e+00	0.000000e+00	350.00	30
oligos_6nt_mkv4_m4	-2.0	2313	20896036	71958	3.431806e-03	2.888728e-03	60570.75	0.000000e+00	0.000000e+00	350.00	31
oligos_6nt_mkv4_m4	-1.9	1910	20897946	70048	3.340714e-03	2.793255e-03	58568.89	0.000000e+00	0.000000e+00	350.00	32
oligos_6nt_mkv4_m4	-1.8	2280	20900226	67768	3.231977e-03	2.698327e-03	56578.44	0.000000e+00	0.000000e+00	350.00	33
oligos_6nt_mkv4_m4	-1.7	2161	20902387	65607	3.128915e-03	2.615116e-03	54833.66	0.000000e+00	0.000000e+00	350.00	34
oligos_6nt_mkv4_m4	-1.6	2018	20904405	63589	3.032673e-03	2.533084e-03	53113.62	0.000000e+00	0.000000e+00	350.00	35
oligos_6nt_mkv4_m4	-1.5	1941	20906346	61648	2.940103e-03	2.443994e-03	51245.58	0.000000e+00	0.000000e+00	350.00	36
oligos_6nt_mkv4_m4	-1.4	1783	20908129	59865	2.855069e-03	2.368761e-03	49668.12	0.000000e+00	0.000000e+00	350.00	37
oligos_6nt_mkv4_m4	-1.3	1937	20910066	57928	2.762690e-03	2.280549e-03	47818.48	0.000000e+00	0.000000e+00	350.00	38
oligos_6nt_mkv4_m4	-1.2	1636	20911702	56292	2.684666e-03	2.208969e-03	46317.59	0.000000e+00	0.000000e+00	350.00	39
oligos_6nt_mkv4_m4	-1.1	1848	20913550	54444	2.596532e-03	2.134116e-03	44748.09	0.000000e+00	0.000000e+00	350.00	40
oligos_6nt_mkv4_m4	-1.0	1722	20915272	52722	2.514406e-03	2.059747e-03	43188.71	0.000000e+00	0.000000e+00	350.00	41
oligos_6nt_mkv4_m4	-0.9	1659	20916931	51063	2.435286e-03	1.996824e-03	41869.35	0.000000e+00	0.000000e+00	350.00	42
oligos_6nt_mkv4_m4	-0.8	1534	20918465	49529	2.362127e-03	1.929736e-03	40462.64	0.000000e+00	0.000000e+00	350.00	43
oligos_6nt_mkv4_m4	-0.7	1538	20920003	47991	2.288777e-03	1.855711e-03	38910.50	0.000000e+00	0.000000e+00	350.00	44
oligos_6nt_mkv4_m4	-0.6	1579	20921582	46412	2.213471e-03	1.794448e-03	37625.94	0.000000e+00	0.000000e+00	350.00	45
oligos_6nt_mkv4_m4	-0.5	1570	20923152	44842	2.138595e-03	1.730487e-03	36284.81	0.000000e+00	0.000000e+00	350.00	46
oligos_6nt_mkv4_m4	-0.4	1405	20924557	43437	2.071588e-03	1.672137e-03	35061.31	0.000000e+00	0.000000e+00	350.00	47
oligos_6nt_mkv4_m4	-0.3	1276	20925833	42161	2.010734e-03	1.621257e-03	33994.46	0.000000e+00	0.000000e+00	350.00	48
oligos_6nt_mkv4_m4	-0.2	1412	20927245	40749	1.943393e-03	1.568618e-03	32890.73	0.000000e+00	0.000000e+00	350.00	49
oligos_6nt_mkv4_m4	-0.1	1292	20928537	39457	1.881775e-03	1.514299e-03	31751.78	0.000000e+00	0.000000e+00	350.00	50
oligos_6nt_mkv4_m4	0.0	1340	20929877	38117	1.817868e-03	1.454457e-03	30497.00	0.000000e+00	0.000000e+00	350.00	51
oligos_6nt_mkv4_m4	0.1	1243	20931120	36874	1.758587e-03	1.410062e-03	29566.14	0.000000e+00	0.000000e+00	350.00	52
oligos_6nt_mkv4_m4	0.2	1222	20932342	35652	1.700308e-03	1.356562e-03	28444.35	0.000000e+00	0.000000e+00	350.00	53
oligos_6nt_mkv4_m4	0.3	1035	20933377	34617	1.650947e-03	1.308288e-03	27432.14	0.000000e+00	0.000000e+00	350.00	54
oligos_6nt_mkv4_m4	0.4	1159	20934536	33458	1.595672e-03	1.264657e-03	26517.28	0.000000e+00	0.000000e+00	350.00	55
oligos_6nt_mkv4_m4	0.5	1049	20935585	32409	1.545643e-03	1.222943e-03	25642.64	0.000000e+00	0.000000e+00	350.00	56
oligos_6nt_mkv4_m4	0.6	1032	20936617	31377	1.496425e-03	1.179484e-03	24731.39	0.000000e+00	0.000000e+00	350.00	57
oligos_6nt_mkv4_m4	0.7	997	20937614	30380	1.448877e-03	1.136232e-03	23824.48	0.000000e+00	0.000000e+00	350.00	58
oligos_6nt_mkv4_m4	0.8	1068	20938682	29312	1.397942e-03	1.092011e-03	22897.26	0.000000e+00	0.000000e+00	350.00	59
oligos_6nt_mkv4_m4	0.9	917	20939599	28395	1.354208e-03	1.051748e-03	22053.02	0.000000e+00	0.000000e+00	350.00	60
oligos_6nt_mkv4_m4	1.0	967	20940566	27428	1.308090e-03	1.011043e-03	21199.53	0.000000e+00	0.000000e+00	350.00	61
oligos_6nt_mkv4_m4	1.1	840	20941406	26588	1.268029e-03	9.766626e-04	20478.63	0.000000e+00	0.000000e+00	350.00	62
oligos_6nt_mkv4_m4	1.2	944	20942350	25644	1.223008e-03	9.382048e-04	19672.25	0.000000e+00	0.000000e+00	350.00	63
oligos_6nt_mkv4_m4	1.3	1036	20943386	24608	1.173600e-03	9.035899e-04	18946.45	0.000000e+00	0.000000e+00	350.00	64
oligos_6nt_mkv4_m4	1.4	845	20944231	23763	1.133300e-03	8.706712e-04	18256.21	0.000000e+00	0.000000e+00	350.00	65
oligos_6nt_mkv4_m4	1.5	879	20945110	22884	1.091379e-03	8.335780e-04	17478.44	0.000000e+00	0.000000e+00	350.00	66
oligos_6nt_mkv4_m4	1.6	945	20946055	21939	1.046310e-03	8.028826e-04	16834.82	2.197694e-309	3.714102e-307	306.43	67
oligos_6nt_mkv4_m4	1.7	926	20946981	21013	1.002148e-03	7.683559e-04	16110.86	3.460860e-298	5.848854e-296	295.23	68
oligos_6nt_mkv4_m4	1.8	743	20947724	20270	9.667126e-04	7.387272e-04	15489.61	1.347756e-294	2.277708e-292	291.64	69
oligos_6nt_mkv4_m4	1.9	891	20948615	19379	9.242192e-04	7.078005e-04	14841.14	2.045779e-277	3.457367e-275	274.46	70
oligos_6nt_mkv4_m4	2.0	827	20949442	18552	8.847781e-04	6.777103e-04	14210.21	2.379551e-265	4.021440e-263	262.40	71
oligos_6nt_mkv4_m4	2.1	781	20950223	17771	8.475308e-04	6.513442e-04	13657.37	2.758528e-248	4.661912e-246	245.33	72
oligos_6nt_mkv4_m4	2.2	656	20950879	17115	8.162450e-04	6.234572e-04	13072.63	6.714168e-250	1.134694e-247	246.95	73
oligos_6nt_mkv4_m4	2.3	695	20951574	16420	7.830992e-04	6.008729e-04	12599.09	3.283459e-232	5.549046e-230	229.26	74
oligos_6nt_mkv4_m4	2.4	546	20952120	15874	7.570595e-04	5.821408e-04	12206.31	3.978744e-221	6.724077e-219	218.17	75
oligos_6nt_mkv4_m4	2.5	954	20953074	14920	7.115615e-04	5.582111e-04	11704.55	5.585545e-179	9.439571e-177	176.03	76
oligos_6nt_mkv4_m4	2.6	476	20953550	14444	6.888602e-04	5.349934e-04	11217.73	3.280567e-187	5.544159e-185	184.26	77
oligos_6nt_mkv4_m4	2.7	534	20954084	13910	6.633928e-04	5.120324e-04	10736.28	7.791687e-189	1.316795e-186	185.88	78
oligos_6nt_mkv4_m4	2.8	941	20955025	12969	6.185148e-04	4.971780e-04	10424.81	1.424252e-127	2.406986e-125	124.62	79
oligos_6nt_mkv4_m4	2.9	385	20955410	12584	6.001535e-04	4.765335e-04	9991.94	2.284731e-137	3.861196e-135	134.41	80
oligos_6nt_mkv4_m4	3.0	466	20955876	12118	5.779291e-04	4.578389e-04	9599.95	7.408473e-135	1.252032e-132	131.90	81
oligos_6nt_mkv4_m4	3.1	415	20956291	11703	5.581370e-04	4.403703e-04	9233.67	1.226934e-134	2.073518e-132	131.68	82
oligos_6nt_mkv4_m4	3.2	523	20956814	11180	5.331942e-04	4.251344e-04	8914.20	3.823095e-118	6.461031e-116	115.19	83
oligos_6nt_mkv4_m4	3.3	367	20957181	10813	5.156913e-04	4.079859e-04	8554.64	6.925801e-122	1.170460e-119	118.93	84
oligos_6nt_mkv4_m4	3.4	411	20957592	10402	4.960900e-04	3.945453e-04	8272.82	2.027775e-112	3.426940e-110	109.47	85
oligos_6nt_mkv4_m4	3.5	389	20957981	10013	4.775379e-04	3.801995e-04	7972.01	2.440591e-107	4.124599e-105	104.38	86
oligos_6nt_mkv4_m4	3.6	417	20958398	9596	4.576504e-04	3.635972e-04	7623.90	9.158079e-105	1.547715e-102	101.81	87
oligos_6nt_mkv4_m4	3.7	317	20958715	9279	4.425321e-04	3.496313e-04	7331.06	4.714620e-106	7.967707e-104	103.10	88
oligos_6nt_mkv4_m4	3.8	328	20959043	8951	4.268892e-04	3.367763e-04	7061.52	1.374727e-103	2.323289e-101	100.63	89
oligos_6nt_mkv4_m4	3.9	371	20959414	8580	4.091955e-04	3.247610e-04	6809.58	1.049772e-94	1.774115e-92	91.75	90
oligos_6nt_mkv4_m4	4.0	298	20959712	8282	3.949834e-04	3.124440e-04	6551.32	5.668852e-94	9.580360e-92	91.02	91
oligos_6nt_mkv4_m4	4.1	310	20960022	7972	3.801989e-04	2.994091e-04	6278.00	8.395785e-94	1.418888e-91	90.85	92
oligos_6nt_mkv4_m4	4.2	327	20960349	7645	3.646037e-04	2.893907e-04	6067.94	1.430416e-84	2.417403e-82	81.62	93
oligos_6nt_mkv4_m4	4.3	309	20960658	7336	3.498670e-04	2.782845e-04	5835.06	7.616259e-80	1.287148e-77	76.89	94
oligos_6nt_mkv4_m4	4.4	274	20960932	7062	3.367994e-04	2.653631e-04	5564.13	5.126220e-83	8.663312e-81	80.06	95
oligos_6nt_mkv4_m4	4.5	323	20961255	6739	3.213950e-04	2.562892e-04	5373.86	5.340748e-72	9.025865e-70	69.04	96
oligos_6nt_mkv4_m4	4.6	203	20961458	6536	3.117135e-04	2.450146e-04	5137.46	1.958145e-78	3.309265e-76	75.48	97
oligos_6nt_mkv4_m4	4.7	286	20961744	6250	2.980737e-04	2.352984e-04	4933.73	1.273536e-72	2.152276e-70	69.67	98
oligos_6nt_mkv4_m4	4.8	222	20961966	6028	2.874861e-04	2.267420e-04	4754.32	1.332107e-70	2.251260e-68	67.65	99
oligos_6nt_mkv4_m4	4.9	232	20962198	5796	2.764216e-04	2.166134e-04	4541.94	1.893780e-71	3.200489e-69	68.49	100
oligos_6nt_mkv4_m4	5.0	272	20962470	5524	2.634494e-04	2.088830e-04	4379.85	3.223526e-62	5.447760e-60	59.26	101
oligos_6nt_mkv4_m4	5.1	183	20962653	5341	2.547218e-04	1.990312e-04	4173.28	1.796534e-67	3.036142e-65	64.52	102
oligos_6nt_mkv4_m4	5.2	199	20962852	5142	2.452312e-04	1.916992e-04	4019.54	8.020585e-65	1.355479e-62	61.87	103
oligos_6nt_mkv4_m4	5.3	232	20963084	4910	2.341667e-04	1.837777e-04	3853.44	3.755629e-60	6.347013e-58	57.20	104
oligos_6nt_mkv4_m4	5.4	147	20963231	4763	2.271560e-04	1.762711e-04	3696.05	1.441552e-63	2.436222e-61	60.61	105
oligos_6nt_mkv4_m4	5.5	150	20963381	4613	2.200022e-04	1.687964e-04	3539.32	7.818902e-67	1.321394e-64	63.88	106
oligos_6nt_mkv4_m4	5.6	162	20963543	4451	2.122762e-04	1.619362e-04	3395.47	3.553690e-67	6.005737e-65	64.22	107
oligos_6nt_mkv4_m4	5.7	159	20963702	4292	2.046932e-04	1.562206e-04	3275.63	1.179367e-64	1.993131e-62	61.70	108
oligos_6nt_mkv4_m4	5.8	202	20963904	4090	1.950594e-04	1.483834e-04	3111.30	4.292187e-63	7.253797e-61	60.14	109
oligos_6nt_mkv4_m4	5.9	107	20964011	3983	1.899564e-04	1.409629e-04	2955.71	3.398536e-72	5.743526e-70	69.24	110
oligos_6nt_mkv4_m4	6.0	132	20964143	3851	1.836611e-04	1.360135e-04	2851.93	9.308169e-71	1.573081e-68	67.80	111
oligos_6nt_mkv4_m4	6.1	210	20964353	3641	1.736458e-04	1.300247e-04	2726.35	1.535345e-62	2.594734e-60	59.59	112
oligos_6nt_mkv4_m4	6.2	125	20964478	3516	1.676843e-04	1.250189e-04	2621.39	3.860488e-62	6.524224e-60	59.19	113
oligos_6nt_mkv4_m4	6.3	123	20964601	3393	1.618182e-04	1.167757e-04	2448.55	7.030361e-73	1.188131e-70	69.93	114
oligos_6nt_mkv4_m4	6.4	123	20964724	3270	1.559521e-04	1.112041e-04	2331.72	3.952682e-75	6.680032e-73	72.18	115
oligos_6nt_mkv4_m4	6.5	127	20964851	3143	1.498953e-04	1.068446e-04	2240.31	1.920036e-72	3.244860e-70	69.49	116
oligos_6nt_mkv4_m4	6.6	131	20964982	3012	1.436477e-04	1.010975e-04	2119.81	2.231945e-74	3.771987e-72	71.42	117
oligos_6nt_mkv4_m4	6.7	107	20965089	2905	1.385446e-04	9.632375e-05	2019.71	1.898579e-76	3.208599e-74	73.49	118
oligos_6nt_mkv4_m4	6.8	135	20965224	2770	1.321063e-04	9.248432e-05	1939.21	1.792057e-70	3.028576e-68	67.52	119
oligos_6nt_mkv4_m4	6.9	161	20965385	2609	1.244279e-04	8.774083e-05	1839.75	4.687804e-64	7.922389e-62	61.10	120
oligos_6nt_mkv4_m4	7.0	98	20965483	2511	1.197541e-04	8.322667e-05	1745.09	1.698467e-66	2.870409e-64	63.54	121
oligos_6nt_mkv4_m4	7.1	111	20965594	2400	1.144603e-04	7.811588e-05	1637.93	1.467870e-69	2.480701e-67	66.61	122
oligos_6nt_mkv4_m4	7.2	145	20965739	2255	1.075450e-04	7.504034e-05	1573.44	9.723364e-59	1.643249e-56	55.78	123
oligos_6nt_mkv4_m4	7.3	90	20965829	2165	1.032527e-04	7.053270e-05	1478.93	1.127680e-62	1.905778e-60	59.72	124
oligos_6nt_mkv4_m4	7.4	115	20965944	2050	9.776817e-05	6.578465e-05	1379.37	8.423943e-64	1.423646e-61	60.85	125
oligos_6nt_mkv4_m4	7.5	85	20966029	1965	9.371437e-05	6.209923e-05	1302.09	1.354170e-65	2.288547e-63	62.64	126
oligos_6nt_mkv4_m4	7.6	87	20966116	1878	8.956518e-05	5.770087e-05	1209.87	9.021050e-71	1.524557e-68	67.82	127
oligos_6nt_mkv4_m4	7.7	89	20966205	1789	8.532061e-05	5.489360e-05	1151.01	6.957507e-68	1.175819e-65	64.93	128
oligos_6nt_mkv4_m4	7.8	64	20966269	1725	8.226834e-05	5.179250e-05	1085.98	1.835011e-71	3.101168e-69	68.51	129
oligos_6nt_mkv4_m4	7.9	64	20966333	1661	7.921606e-05	4.899768e-05	1027.38	1.080364e-73	1.825814e-71	70.74	130
oligos_6nt_mkv4_m4	8.0	103	20966436	1558	7.430381e-05	4.678540e-05	980.99	1.042606e-64	1.762004e-62	61.75	131
oligos_6nt_mkv4_m4	8.1	69	20966505	1489	7.101307e-05	4.509787e-05	945.61	6.827782e-60	1.153895e-57	56.94	132
oligos_6nt_mkv4_m4	8.2	57	20966562	1432	6.829464e-05	4.108647e-05	861.50	1.439438e-70	2.432650e-68	67.61	133
oligos_6nt_mkv4_m4	8.3	68	20966630	1364	6.505160e-05	3.844454e-05	806.10	1.377746e-71	2.328390e-69	68.63	134
oligos_6nt_mkv4_m4	8.4	51	20966681	1313	6.261932e-05	3.650797e-05	765.50	3.400046e-72	5.746077e-70	69.24	135
oligos_6nt_mkv4_m4	8.5	57	20966738	1256	5.990089e-05	3.434712e-05	720.19	5.482297e-73	9.265083e-71	70.03	136
oligos_6nt_mkv4_m4	8.6	48	20966786	1208	5.761168e-05	3.285391e-05	688.88	1.637572e-71	2.767497e-69	68.56	137
oligos_6nt_mkv4_m4	8.7	31	20966817	1177	5.613324e-05	3.083194e-05	646.48	3.389776e-78	5.728722e-76	75.24	138
oligos_6nt_mkv4_m4	8.8	81	20966898	1096	5.227020e-05	2.917972e-05	611.84	1.670286e-69	2.822783e-67	66.55	139
oligos_6nt_mkv4_m4	8.9	53	20966951	1043	4.974254e-05	2.756790e-05	578.04	1.050321e-67	1.775043e-65	64.75	140
oligos_6nt_mkv4_m4	9.0	39	20966990	1004	4.788256e-05	2.563017e-05	537.41	3.583309e-72	6.055792e-70	69.22	141
oligos_6nt_mkv4_m4	9.1	54	20967044	950	4.530720e-05	2.436123e-05	510.81	1.545511e-67	2.611914e-65	64.58	142
oligos_6nt_mkv4_m4	9.2	29	20967073	921	4.392414e-05	2.279002e-05	477.86	2.751813e-72	4.650564e-70	69.33	143
oligos_6nt_mkv4_m4	9.3	43	20967116	878	4.187339e-05	2.122362e-05	445.02	2.298621e-73	3.884669e-71	70.41	144
oligos_6nt_mkv4_m4	9.4	34	20967150	844	4.025187e-05	1.996441e-05	418.61	1.421008e-74	2.401503e-72	71.62	145
oligos_6nt_mkv4_m4	9.5	26	20967176	818	3.901188e-05	1.863059e-05	390.65	2.934455e-79	4.959229e-77	76.30	146
oligos_6nt_mkv4_m4	9.6	32	20967208	786	3.748575e-05	1.778837e-05	372.99	2.227270e-77	3.764086e-75	74.42	147
oligos_6nt_mkv4_m4	9.7	28	20967236	758	3.615038e-05	1.656705e-05	347.38	7.835844e-81	1.324258e-78	77.88	148
oligos_6nt_mkv4_m4	9.8	29	20967265	729	3.476731e-05	1.553318e-05	325.70	3.092670e-82	5.226613e-80	79.28	149
oligos_6nt_mkv4_m4	9.9	46	20967311	683	3.257349e-05	1.440835e-05	302.11	7.922738e-79	1.338943e-76	75.87	150
oligos_6nt_mkv4_m4	10.0	26	20967337	657	3.133351e-05	1.308717e-05	274.41	2.954476e-85	4.993065e-83	82.30	151
oligos_6nt_mkv4_m4	10.1	47	20967384	610	2.909199e-05	1.177267e-05	246.85	3.004092e-84	5.076915e-82	81.29	152
oligos_6nt_mkv4_m4	10.2	38	20967422	572	2.727970e-05	1.062937e-05	222.88	8.299228e-85	1.402570e-82	81.85	153
oligos_6nt_mkv4_m4	10.3	24	20967446	548	2.613510e-05	8.977888e-06	188.25	2.244648e-100	3.793454e-98	97.42	154
oligos_6nt_mkv4_m4	10.4	38	20967484	510	2.432281e-05	7.890366e-06	165.44	5.086338e-102	8.595911e-100	99.07	155
oligos_6nt_mkv4_m4	10.5	24	20967508	486	2.317821e-05	6.514653e-06	136.60	1.837928e-118	3.106099e-116	115.51	156
oligos_6nt_mkv4_m4	10.6	36	20967544	450	2.146131e-05	6.144985e-06	128.85	3.039781e-107	5.137229e-105	104.29	157
oligos_6nt_mkv4_m4	10.7	35	20967579	415	1.979209e-05	5.710745e-06	119.74	4.468759e-98	7.552203e-96	95.12	158
oligos_6nt_mkv4_m4	10.8	48	20967627	367	1.750289e-05	4.615840e-06	96.78	2.300645e-97	3.888090e-95	94.41	159
oligos_6nt_mkv4_m4	10.9	29	20967656	338	1.611982e-05	3.925451e-06	82.31	1.407682e-98	2.378982e-96	95.62	160
oligos_6nt_mkv4_m4	11.0	40	20967696	298	1.421215e-05	3.143767e-06	65.92	1.024474e-96	1.731361e-94	93.76	161
oligos_6nt_mkv4_m4	11.1	34	20967730	264	1.259063e-05	2.597702e-06	54.47	3.362913e-92	5.683324e-90	89.25	162
oligos_6nt_mkv4_m4	11.2	11	20967741	253	1.206602e-05	2.060868e-06	43.21	2.560403e-105	4.327082e-103	102.36	163
oligos_6nt_mkv4_m4	11.3	18	20967759	235	1.120757e-05	1.782663e-06	37.38	4.803039e-104	8.117136e-102	101.09	164
oligos_6nt_mkv4_m4	11.4	47	20967806	188	8.966056e-06	1.450439e-06	30.41	1.784731e-82	3.016196e-80	79.52	165
oligos_6nt_mkv4_m4	11.5	33	20967839	155	7.392227e-06	1.450439e-06	30.41	1.199923e-57	2.027869e-55	54.69	166
oligos_6nt_mkv4_m4	11.7	150	20967989	5	2.384589e-07	4.702729e-07	9.86	9.679987e-01	1.635918e+02	-2.21	167
oligos_6nt_mkv4_m4	11.8	1	20967990	4	1.907672e-07	4.702729e-07	9.86	9.885567e-01	1.670661e+02	-2.22	168
oligos_6nt_mkv4_m4	11.9	4	20967994	0	0.000000e+00	1.667171e-07	3.50	1.000000e+00	1.690000e+02	-2.23	169
; Number of sequences scanned	43038
; Sum of sequence lengths	11000544
; N residues           	63
; Matches per matrix
;	matrix	name              	matches	scored
;	1	oligos_6nt_mkv4_m4	20967970	20967970
;		TOTAL          	20967970	20967970
; Host name	rsat
; Job started	2014-09-03.102209
; Job done	2014-09-03.102225
; Seconds	8.55
;	user	8.55
;	system	0.05
;	cuser	0.6
;	csystem	0.02
