; matrix-scan  -v 1 -quick -seq_format fasta -i $RSAT/public_html/tmp/wwwrun/2014/09/03/peak-motifs.2014-09-03.182940_2014-09-03.182940_LkVj4M/data/sequences/peak-motifs_test_maxlen400.fasta -matrix_format transfac -m $RSAT/public_html/tmp/wwwrun/2014/09/03/peak-motifs.2014-09-03.182940_2014-09-03.182940_LkVj4M/results/discovered_motifs/positions_6nt_m5/peak-motifs_positions_6nt_m5.tf -pseudo 1 -2str -decimals 1 -bg_pseudo 0.01 -n score -lth score -5 -bginput -markov 1 -return distrib -return occ_proba -o $RSAT/public_html/tmp/wwwrun/2014/09/03/peak-motifs.2014-09-03.182940_2014-09-03.182940_LkVj4M/results/discovered_motifs/positions_6nt_m5/peak-motifs_positions_6nt_m5_scan_mkv1_enrichment.tab
; Quick counting mode          
; Input files
;	input	/home/rsat/rsat/public_html/tmp/wwwrun/2014/09/03/peak-motifs.2014-09-03.182940_2014-09-03.182940_LkVj4M/data/sequences/peak-motifs_test_maxlen400.fasta
; Matrix files
;	matrix 1	/home/rsat/rsat/public_html/tmp/wwwrun/2014/09/03/peak-motifs.2014-09-03.182940_2014-09-03.182940_LkVj4M/results/discovered_motifs/positions_6nt_m5/peak-motifs_positions_6nt_m5.tf
; Sequence format      	fasta
; Output files
;	output	/home/rsat/rsat/public_html/tmp/wwwrun/2014/09/03/peak-motifs.2014-09-03.182940_2014-09-03.182940_LkVj4M/results/discovered_motifs/positions_6nt_m5/peak-motifs_positions_6nt_m5_scan_mkv1_enrichment.tab
; Pseudo counts        	1
; Background model
;	Method        	input
;	Markov order  	1
;	Strand        	undef
;	Background pseudo-frequency	0.01
;	Residue probabilities
;		a	0.28671
;		c	0.21298
;		g	0.21277
;		t	0.28754
; Thresholds	lower	upper
;	score 	-5   	NA
;
; Matrices
;	matrix	name            	ncol	nrow	pseudo	Wmin	Wmax	Wrange
;	1	positions_6nt_m5	24	4	1	-45.100	26.200	71.300	a:0.287 c:0.213 g:0.213 t:0.288 
;
; Score distribution
#matrix	score	occ	occ_cum	inv_cum	inv_cum_freq	occ_prior	exp_occ	occ_Pval	occ_Eval	occ_sig	occ_sig_rank
positions_6nt_m5	-5.0	10133	19055164	327912	1.691744e-02	1.031914e-02	200016.60	0.000000e+00	0.000000e+00	350.00	1
positions_6nt_m5	-4.9	9989	19065153	317923	1.640209e-02	9.897303e-03	191840.15	0.000000e+00	0.000000e+00	350.00	2
positions_6nt_m5	-4.8	9316	19074469	308607	1.592147e-02	9.562180e-03	185344.45	0.000000e+00	0.000000e+00	350.00	3
positions_6nt_m5	-4.7	9295	19083764	299312	1.544193e-02	9.167579e-03	177695.86	0.000000e+00	0.000000e+00	350.00	4
positions_6nt_m5	-4.6	8776	19092540	290536	1.498916e-02	8.820012e-03	170958.95	0.000000e+00	0.000000e+00	350.00	5
positions_6nt_m5	-4.5	8770	19101310	281766	1.453670e-02	8.518237e-03	165109.62	0.000000e+00	0.000000e+00	350.00	6
positions_6nt_m5	-4.4	8625	19109935	273141	1.409173e-02	8.160135e-03	158168.50	0.000000e+00	0.000000e+00	350.00	7
positions_6nt_m5	-4.3	8241	19118176	264900	1.366656e-02	7.877989e-03	152699.65	0.000000e+00	0.000000e+00	350.00	8
positions_6nt_m5	-4.2	7884	19126060	257016	1.325982e-02	7.573274e-03	146793.33	0.000000e+00	0.000000e+00	350.00	9
positions_6nt_m5	-4.1	7723	19133783	249293	1.286138e-02	7.250894e-03	140544.61	0.000000e+00	0.000000e+00	350.00	10
positions_6nt_m5	-4.0	7780	19141563	241513	1.245999e-02	6.995118e-03	135586.89	0.000000e+00	0.000000e+00	350.00	11
positions_6nt_m5	-3.9	7365	19148928	234148	1.208002e-02	6.694053e-03	129751.32	0.000000e+00	0.000000e+00	350.00	12
positions_6nt_m5	-3.8	7162	19156090	226986	1.171053e-02	6.429403e-03	124621.59	0.000000e+00	0.000000e+00	350.00	13
positions_6nt_m5	-3.7	6986	19163076	220000	1.135011e-02	6.174457e-03	119679.96	0.000000e+00	0.000000e+00	350.00	14
positions_6nt_m5	-3.6	6837	19169913	213163	1.099738e-02	5.952008e-03	115368.21	0.000000e+00	0.000000e+00	350.00	15
positions_6nt_m5	-3.5	6521	19176434	206642	1.066095e-02	5.713468e-03	110744.58	0.000000e+00	0.000000e+00	350.00	16
positions_6nt_m5	-3.4	6547	19182981	200095	1.032318e-02	5.460342e-03	105838.22	0.000000e+00	0.000000e+00	350.00	17
positions_6nt_m5	-3.3	6240	19189221	193855	1.000125e-02	5.239035e-03	101548.61	0.000000e+00	0.000000e+00	350.00	18
positions_6nt_m5	-3.2	6044	19195265	187811	9.689433e-03	5.046491e-03	97816.52	0.000000e+00	0.000000e+00	350.00	19
positions_6nt_m5	-3.1	5748	19201013	182063	9.392886e-03	4.839903e-03	93812.21	0.000000e+00	0.000000e+00	350.00	20
positions_6nt_m5	-3.0	5793	19206806	176270	9.094017e-03	4.640830e-03	89953.56	0.000000e+00	0.000000e+00	350.00	21
positions_6nt_m5	-2.9	5520	19212326	170750	8.809232e-03	4.430166e-03	85870.23	0.000000e+00	0.000000e+00	350.00	22
positions_6nt_m5	-2.8	5437	19217763	165313	8.528730e-03	4.246216e-03	82304.72	0.000000e+00	0.000000e+00	350.00	23
positions_6nt_m5	-2.7	5123	19222886	160190	8.264427e-03	4.069005e-03	78869.83	0.000000e+00	0.000000e+00	350.00	24
positions_6nt_m5	-2.6	16394	19239280	143796	7.418638e-03	3.915440e-03	75893.26	0.000000e+00	0.000000e+00	350.00	25
positions_6nt_m5	-2.5	4965	19244245	138831	7.162486e-03	3.750556e-03	72697.30	0.000000e+00	0.000000e+00	350.00	26
positions_6nt_m5	-2.4	4793	19249038	134038	6.915209e-03	3.576937e-03	69332.03	0.000000e+00	0.000000e+00	350.00	27
positions_6nt_m5	-2.3	4556	19253594	129482	6.680158e-03	3.424988e-03	66386.80	0.000000e+00	0.000000e+00	350.00	28
positions_6nt_m5	-2.2	4405	19257999	125077	6.452898e-03	3.293715e-03	63842.32	0.000000e+00	0.000000e+00	350.00	29
positions_6nt_m5	-2.1	4353	19262352	120724	6.228321e-03	3.152609e-03	61107.24	0.000000e+00	0.000000e+00	350.00	30
positions_6nt_m5	-2.0	4134	19266486	116590	6.015042e-03	3.017609e-03	58490.54	0.000000e+00	0.000000e+00	350.00	31
positions_6nt_m5	-1.9	4016	19270502	112574	5.807851e-03	2.887183e-03	55962.48	0.000000e+00	0.000000e+00	350.00	32
positions_6nt_m5	-1.8	4136	19274638	108438	5.594469e-03	2.750300e-03	53309.27	0.000000e+00	0.000000e+00	350.00	33
positions_6nt_m5	-1.7	3754	19278392	104684	5.400795e-03	2.630393e-03	50985.10	0.000000e+00	0.000000e+00	350.00	34
positions_6nt_m5	-1.6	3739	19282131	100945	5.207894e-03	2.527064e-03	48982.27	0.000000e+00	0.000000e+00	350.00	35
positions_6nt_m5	-1.5	3523	19285654	97422	5.026138e-03	2.405054e-03	46617.35	0.000000e+00	0.000000e+00	350.00	36
positions_6nt_m5	-1.4	3438	19289092	93984	4.848767e-03	2.309671e-03	44768.52	0.000000e+00	0.000000e+00	350.00	37
positions_6nt_m5	-1.3	3296	19292388	90688	4.678721e-03	2.197057e-03	42585.71	0.000000e+00	0.000000e+00	350.00	38
positions_6nt_m5	-1.2	3161	19295549	87527	4.515641e-03	2.109023e-03	40879.34	0.000000e+00	0.000000e+00	350.00	39
positions_6nt_m5	-1.1	3118	19298667	84409	4.354779e-03	2.014414e-03	39045.53	0.000000e+00	0.000000e+00	350.00	40
positions_6nt_m5	-1.0	3083	19301750	81326	4.195723e-03	1.915132e-03	37121.15	0.000000e+00	0.000000e+00	350.00	41
positions_6nt_m5	-0.9	2863	19304613	78463	4.048016e-03	1.836774e-03	35602.32	0.000000e+00	0.000000e+00	350.00	42
positions_6nt_m5	-0.8	2836	19307449	75627	3.901703e-03	1.753391e-03	33986.11	0.000000e+00	0.000000e+00	350.00	43
positions_6nt_m5	-0.7	2748	19310197	72879	3.759930e-03	1.665275e-03	32278.15	0.000000e+00	0.000000e+00	350.00	44
positions_6nt_m5	-0.6	2545	19312742	70334	3.628630e-03	1.588852e-03	30796.83	0.000000e+00	0.000000e+00	350.00	45
positions_6nt_m5	-0.5	2588	19315330	67746	3.495111e-03	1.515286e-03	29370.90	0.000000e+00	0.000000e+00	350.00	46
positions_6nt_m5	-0.4	2488	19317818	65258	3.366752e-03	1.445008e-03	28008.69	0.000000e+00	0.000000e+00	350.00	47
positions_6nt_m5	-0.3	2462	19320280	62796	3.239734e-03	1.384104e-03	26828.19	0.000000e+00	0.000000e+00	350.00	48
positions_6nt_m5	-0.2	2228	19322508	60568	3.124788e-03	1.319220e-03	25570.53	0.000000e+00	0.000000e+00	350.00	49
positions_6nt_m5	-0.1	2209	19324717	58359	3.010823e-03	1.257059e-03	24365.68	0.000000e+00	0.000000e+00	350.00	50
positions_6nt_m5	0.0	2136	19326853	56223	2.900624e-03	1.191769e-03	23100.15	0.000000e+00	0.000000e+00	350.00	51
positions_6nt_m5	0.1	2025	19328878	54198	2.796151e-03	1.140644e-03	22109.19	0.000000e+00	0.000000e+00	350.00	52
positions_6nt_m5	0.2	1936	19330814	52262	2.696270e-03	1.080841e-03	20950.02	0.000000e+00	0.000000e+00	350.00	53
positions_6nt_m5	0.3	1901	19332715	50361	2.598195e-03	1.029019e-03	19945.54	0.000000e+00	0.000000e+00	350.00	54
positions_6nt_m5	0.4	1867	19334582	48494	2.501874e-03	9.794627e-04	18985.00	0.000000e+00	0.000000e+00	350.00	55
positions_6nt_m5	0.5	1834	19336416	46660	2.407255e-03	9.368310e-04	18158.66	0.000000e+00	0.000000e+00	350.00	56
positions_6nt_m5	0.6	1823	19338239	44837	2.313204e-03	8.913050e-04	17276.23	0.000000e+00	0.000000e+00	350.00	57
positions_6nt_m5	0.7	1640	19339879	43197	2.228594e-03	8.480302e-04	16437.43	0.000000e+00	0.000000e+00	350.00	58
positions_6nt_m5	0.8	1602	19341481	41595	2.145944e-03	8.064889e-04	15632.23	0.000000e+00	0.000000e+00	350.00	59
positions_6nt_m5	0.9	1628	19343109	39967	2.061954e-03	7.631821e-04	14792.81	0.000000e+00	0.000000e+00	350.00	60
positions_6nt_m5	1.0	1564	19344673	38403	1.981265e-03	7.255080e-04	14062.57	0.000000e+00	0.000000e+00	350.00	61
positions_6nt_m5	1.1	1458	19346131	36945	1.906044e-03	6.932729e-04	13437.76	0.000000e+00	0.000000e+00	350.00	62
positions_6nt_m5	1.2	1414	19347545	35531	1.833094e-03	6.554130e-04	12703.92	0.000000e+00	0.000000e+00	350.00	63
positions_6nt_m5	1.3	1389	19348934	34142	1.761434e-03	6.228612e-04	12072.97	0.000000e+00	0.000000e+00	350.00	64
positions_6nt_m5	1.4	1343	19350277	32799	1.692146e-03	5.946336e-04	11525.83	0.000000e+00	0.000000e+00	350.00	65
positions_6nt_m5	1.5	1224	19351501	31575	1.628999e-03	5.619594e-04	10892.50	0.000000e+00	0.000000e+00	350.00	66
positions_6nt_m5	1.6	1200	19352701	30375	1.567089e-03	5.362592e-04	10394.35	0.000000e+00	0.000000e+00	350.00	67
positions_6nt_m5	1.7	1219	19353920	29156	1.504199e-03	5.065110e-04	9817.74	0.000000e+00	0.000000e+00	350.00	68
positions_6nt_m5	1.8	1108	19355028	28048	1.447036e-03	4.831209e-04	9364.37	0.000000e+00	0.000000e+00	350.00	69
positions_6nt_m5	1.9	1018	19356046	27030	1.394516e-03	4.584596e-04	8886.36	0.000000e+00	0.000000e+00	350.00	70
positions_6nt_m5	2.0	1032	19357078	25998	1.341273e-03	4.324706e-04	8382.61	0.000000e+00	0.000000e+00	350.00	71
positions_6nt_m5	2.1	969	19358047	25029	1.291281e-03	4.101506e-04	7949.98	0.000000e+00	0.000000e+00	350.00	72
positions_6nt_m5	2.2	982	19359029	24047	1.240618e-03	3.887272e-04	7534.73	0.000000e+00	0.000000e+00	350.00	73
positions_6nt_m5	2.3	961	19359990	23086	1.191039e-03	3.684365e-04	7141.43	0.000000e+00	0.000000e+00	350.00	74
positions_6nt_m5	2.4	898	19360888	22188	1.144710e-03	3.508943e-04	6801.41	0.000000e+00	0.000000e+00	350.00	75
positions_6nt_m5	2.5	880	19361768	21308	1.099310e-03	3.323926e-04	6442.79	0.000000e+00	0.000000e+00	350.00	76
positions_6nt_m5	2.6	884	19362652	20424	1.053703e-03	3.129779e-04	6066.47	0.000000e+00	0.000000e+00	350.00	77
positions_6nt_m5	2.7	799	19363451	19625	1.012481e-03	2.962933e-04	5743.08	0.000000e+00	0.000000e+00	350.00	78
positions_6nt_m5	2.8	803	19364254	18822	9.710534e-04	2.819229e-04	5464.53	0.000000e+00	0.000000e+00	350.00	79
positions_6nt_m5	2.9	713	19364967	18109	9.342687e-04	2.667360e-04	5170.16	0.000000e+00	0.000000e+00	350.00	80
positions_6nt_m5	3.0	736	19365703	17373	8.962975e-04	2.522813e-04	4889.99	0.000000e+00	0.000000e+00	350.00	81
positions_6nt_m5	3.1	705	19366408	16668	8.599255e-04	2.372359e-04	4598.36	0.000000e+00	0.000000e+00	350.00	82
positions_6nt_m5	3.2	738	19367146	15930	8.218511e-04	2.242647e-04	4346.94	0.000000e+00	0.000000e+00	350.00	83
positions_6nt_m5	3.3	617	19367763	15313	7.900192e-04	2.119731e-04	4108.69	0.000000e+00	0.000000e+00	350.00	84
positions_6nt_m5	3.4	602	19368365	14711	7.589611e-04	2.014549e-04	3904.82	0.000000e+00	0.000000e+00	350.00	85
positions_6nt_m5	3.5	587	19368952	14124	7.286770e-04	1.903143e-04	3688.88	0.000000e+00	0.000000e+00	350.00	86
positions_6nt_m5	3.6	523	19369475	13601	7.016947e-04	1.787668e-04	3465.05	0.000000e+00	0.000000e+00	350.00	87
positions_6nt_m5	3.7	547	19370022	13054	6.734742e-04	1.688077e-04	3272.01	0.000000e+00	0.000000e+00	350.00	88
positions_6nt_m5	3.8	550	19370572	12504	6.450989e-04	1.603314e-04	3107.71	0.000000e+00	0.000000e+00	350.00	89
positions_6nt_m5	3.9	496	19371068	12008	6.195096e-04	1.513252e-04	2933.15	0.000000e+00	0.000000e+00	350.00	90
positions_6nt_m5	4.0	505	19371573	11503	5.934559e-04	1.428595e-04	2769.06	0.000000e+00	0.000000e+00	350.00	91
positions_6nt_m5	4.1	467	19372040	11036	5.693627e-04	1.339935e-04	2597.21	0.000000e+00	0.000000e+00	350.00	92
positions_6nt_m5	4.2	433	19372473	10603	5.470237e-04	1.271788e-04	2465.12	0.000000e+00	0.000000e+00	350.00	93
positions_6nt_m5	4.3	422	19372895	10181	5.252521e-04	1.192197e-04	2310.84	0.000000e+00	0.000000e+00	350.00	94
positions_6nt_m5	4.4	448	19373343	9733	5.021391e-04	1.124463e-04	2179.56	0.000000e+00	0.000000e+00	350.00	95
positions_6nt_m5	4.5	376	19373719	9357	4.827408e-04	1.065997e-04	2066.23	0.000000e+00	0.000000e+00	350.00	96
positions_6nt_m5	4.6	416	19374135	8941	4.612787e-04	9.990565e-05	1936.48	0.000000e+00	0.000000e+00	350.00	97
positions_6nt_m5	4.7	374	19374509	8567	4.419836e-04	9.466026e-05	1834.81	0.000000e+00	0.000000e+00	350.00	98
positions_6nt_m5	4.8	358	19374867	8209	4.235138e-04	8.919134e-05	1728.80	0.000000e+00	0.000000e+00	350.00	99
positions_6nt_m5	4.9	368	19375235	7841	4.045282e-04	8.345230e-05	1617.56	0.000000e+00	0.000000e+00	350.00	100
positions_6nt_m5	5.0	351	19375586	7490	3.864196e-04	7.905177e-05	1532.27	0.000000e+00	0.000000e+00	350.00	101
positions_6nt_m5	5.1	313	19375899	7177	3.702715e-04	7.390897e-05	1432.58	0.000000e+00	0.000000e+00	350.00	102
positions_6nt_m5	5.2	294	19376193	6883	3.551036e-04	6.996739e-05	1356.18	0.000000e+00	0.000000e+00	350.00	103
positions_6nt_m5	5.3	278	19376471	6605	3.407612e-04	6.536827e-05	1267.04	0.000000e+00	0.000000e+00	350.00	104
positions_6nt_m5	5.4	277	19376748	6328	3.264704e-04	6.146271e-05	1191.34	0.000000e+00	0.000000e+00	350.00	105
positions_6nt_m5	5.5	279	19377027	6049	3.120764e-04	5.809903e-05	1126.14	0.000000e+00	0.000000e+00	350.00	106
positions_6nt_m5	5.6	232	19377259	5817	3.001072e-04	5.425070e-05	1051.55	0.000000e+00	0.000000e+00	350.00	107
positions_6nt_m5	5.7	249	19377508	5568	2.872609e-04	5.125402e-05	993.46	0.000000e+00	0.000000e+00	350.00	108
positions_6nt_m5	5.8	239	19377747	5329	2.749306e-04	4.812161e-05	932.74	0.000000e+00	0.000000e+00	350.00	109
positions_6nt_m5	5.9	246	19377993	5083	2.622391e-04	4.486606e-05	869.64	0.000000e+00	0.000000e+00	350.00	110
positions_6nt_m5	6.0	210	19378203	4873	2.514049e-04	4.236721e-05	821.21	0.000000e+00	0.000000e+00	350.00	111
positions_6nt_m5	6.1	182	19378385	4691	2.420153e-04	3.947677e-05	765.18	0.000000e+00	0.000000e+00	350.00	112
positions_6nt_m5	6.2	180	19378565	4511	2.327288e-04	3.725778e-05	722.17	0.000000e+00	0.000000e+00	350.00	113
positions_6nt_m5	6.3	217	19378782	4294	2.215335e-04	3.469936e-05	672.58	0.000000e+00	0.000000e+00	350.00	114
positions_6nt_m5	6.4	189	19378971	4105	2.117827e-04	3.252077e-05	630.35	0.000000e+00	0.000000e+00	350.00	115
positions_6nt_m5	6.5	168	19379139	3937	2.031154e-04	3.067213e-05	594.52	0.000000e+00	0.000000e+00	350.00	116
positions_6nt_m5	6.6	181	19379320	3756	1.937773e-04	2.854348e-05	553.26	0.000000e+00	0.000000e+00	350.00	117
positions_6nt_m5	6.7	148	19379468	3608	1.861418e-04	2.691354e-05	521.67	0.000000e+00	0.000000e+00	350.00	118
positions_6nt_m5	6.8	167	19379635	3441	1.775260e-04	2.519458e-05	488.35	0.000000e+00	0.000000e+00	350.00	119
positions_6nt_m5	6.9	152	19379787	3289	1.696841e-04	2.343758e-05	454.29	0.000000e+00	0.000000e+00	350.00	120
positions_6nt_m5	7.0	149	19379936	3140	1.619970e-04	2.207635e-05	427.91	0.000000e+00	0.000000e+00	350.00	121
positions_6nt_m5	7.1	171	19380107	2969	1.531749e-04	2.052789e-05	397.89	0.000000e+00	0.000000e+00	350.00	122
positions_6nt_m5	7.2	131	19380238	2838	1.464164e-04	1.932541e-05	374.59	0.000000e+00	0.000000e+00	350.00	123
positions_6nt_m5	7.3	153	19380391	2685	1.385229e-04	1.796045e-05	348.13	0.000000e+00	0.000000e+00	350.00	124
positions_6nt_m5	7.4	112	19380503	2573	1.327447e-04	1.678470e-05	325.34	0.000000e+00	0.000000e+00	350.00	125
positions_6nt_m5	7.5	128	19380631	2445	1.261410e-04	1.580389e-05	306.33	0.000000e+00	0.000000e+00	350.00	126
positions_6nt_m5	7.6	96	19380727	2349	1.211882e-04	1.466103e-05	284.18	0.000000e+00	0.000000e+00	350.00	127
positions_6nt_m5	7.7	117	19380844	2232	1.151520e-04	1.379647e-05	267.42	0.000000e+00	0.000000e+00	350.00	128
positions_6nt_m5	7.8	118	19380962	2114	1.090642e-04	1.287679e-05	249.59	0.000000e+00	0.000000e+00	350.00	129
positions_6nt_m5	7.9	103	19381065	2011	1.037503e-04	1.194334e-05	231.50	0.000000e+00	0.000000e+00	350.00	130
positions_6nt_m5	8.0	88	19381153	1923	9.921027e-05	1.121504e-05	217.38	0.000000e+00	0.000000e+00	350.00	131
positions_6nt_m5	8.1	87	19381240	1836	9.472182e-05	1.046603e-05	202.86	0.000000e+00	0.000000e+00	350.00	132
positions_6nt_m5	8.2	84	19381324	1752	9.038814e-05	9.751313e-06	189.01	0.000000e+00	0.000000e+00	350.00	133
positions_6nt_m5	8.3	78	19381402	1674	8.636401e-05	9.027989e-06	174.99	0.000000e+00	0.000000e+00	350.00	134
positions_6nt_m5	8.4	104	19381506	1570	8.099850e-05	8.404602e-06	162.91	0.000000e+00	0.000000e+00	350.00	135
positions_6nt_m5	8.5	72	19381578	1498	7.728392e-05	7.829748e-06	151.76	0.000000e+00	0.000000e+00	350.00	136
positions_6nt_m5	8.6	92	19381670	1406	7.253751e-05	7.335949e-06	142.19	0.000000e+00	0.000000e+00	350.00	137
positions_6nt_m5	8.7	79	19381749	1327	6.846179e-05	6.827986e-06	132.35	0.000000e+00	0.000000e+00	350.00	138
positions_6nt_m5	8.8	61	19381810	1266	6.531472e-05	6.347959e-06	123.04	0.000000e+00	0.000000e+00	350.00	139
positions_6nt_m5	8.9	42	19381852	1224	6.314788e-05	5.860728e-06	113.60	0.000000e+00	0.000000e+00	350.00	140
positions_6nt_m5	9.0	65	19381917	1159	5.979444e-05	5.443451e-06	105.51	0.000000e+00	0.000000e+00	350.00	141
positions_6nt_m5	9.1	41	19381958	1118	5.767919e-05	5.096221e-06	98.78	0.000000e+00	0.000000e+00	350.00	142
positions_6nt_m5	9.2	59	19382017	1059	5.463530e-05	4.730960e-06	91.70	0.000000e+00	0.000000e+00	350.00	143
positions_6nt_m5	9.3	49	19382066	1010	5.210732e-05	4.360544e-06	84.52	0.000000e+00	0.000000e+00	350.00	144
positions_6nt_m5	9.4	62	19382128	948	4.890865e-05	4.045621e-06	78.42	0.000000e+00	0.000000e+00	350.00	145
positions_6nt_m5	9.5	53	19382181	895	4.617431e-05	3.754181e-06	72.77	0.000000e+00	0.000000e+00	350.00	146
positions_6nt_m5	9.6	43	19382224	852	4.395588e-05	3.508926e-06	68.01	0.000000e+00	0.000000e+00	350.00	147
positions_6nt_m5	9.7	41	19382265	811	4.184063e-05	3.253598e-06	63.06	0.000000e+00	0.000000e+00	350.00	148
positions_6nt_m5	9.8	44	19382309	767	3.957061e-05	3.018326e-06	58.50	0.000000e+00	0.000000e+00	350.00	149
positions_6nt_m5	9.9	26	19382335	741	3.822923e-05	2.776532e-06	53.82	0.000000e+00	0.000000e+00	350.00	150
positions_6nt_m5	10.0	28	19382363	713	3.678467e-05	2.573811e-06	49.89	0.000000e+00	0.000000e+00	350.00	151
positions_6nt_m5	10.1	33	19382396	680	3.508215e-05	2.401656e-06	46.55	0.000000e+00	0.000000e+00	350.00	152
positions_6nt_m5	10.2	41	19382437	639	3.296691e-05	2.225746e-06	43.14	0.000000e+00	0.000000e+00	350.00	153
positions_6nt_m5	10.3	30	19382467	609	3.141916e-05	2.043640e-06	39.61	0.000000e+00	0.000000e+00	350.00	154
positions_6nt_m5	10.4	24	19382491	585	3.018097e-05	1.892721e-06	36.69	0.000000e+00	0.000000e+00	350.00	155
positions_6nt_m5	10.5	54	19382545	531	2.739504e-05	1.750668e-06	33.93	0.000000e+00	0.000000e+00	350.00	156
positions_6nt_m5	10.6	29	19382574	502	2.589888e-05	1.633358e-06	31.66	0.000000e+00	0.000000e+00	350.00	157
positions_6nt_m5	10.7	24	19382598	478	2.466069e-05	1.509416e-06	29.26	0.000000e+00	0.000000e+00	350.00	158
positions_6nt_m5	10.8	25	19382623	453	2.337091e-05	1.396260e-06	27.06	0.000000e+00	0.000000e+00	350.00	159
positions_6nt_m5	10.9	29	19382652	424	2.187476e-05	1.278577e-06	24.78	0.000000e+00	0.000000e+00	350.00	160
positions_6nt_m5	11.0	30	19382682	394	2.032701e-05	1.181768e-06	22.91	0.000000e+00	0.000000e+00	350.00	161
positions_6nt_m5	11.1	44	19382726	350	1.805699e-05	1.098343e-06	21.29	3.502760e-285	7.776127e-283	282.11	162
positions_6nt_m5	11.2	27	19382753	323	1.666402e-05	1.014280e-06	19.66	2.920363e-263	6.483205e-261	260.19	163
positions_6nt_m5	11.3	24	19382777	299	1.542583e-05	9.265488e-07	17.96	1.780681e-245	3.953112e-243	242.40	164
positions_6nt_m5	11.4	19	19382796	280	1.444559e-05	8.540504e-07	16.55	8.041773e-232	1.785274e-229	228.75	165
positions_6nt_m5	11.5	14	19382810	266	1.372331e-05	7.858057e-07	15.23	8.134387e-224	1.805834e-221	220.74	166
positions_6nt_m5	11.6	18	19382828	248	1.279467e-05	7.298214e-07	14.15	3.343928e-209	7.423521e-207	206.13	167
positions_6nt_m5	11.7	16	19382844	232	1.196921e-05	6.706029e-07	13.00	1.522045e-197	3.378939e-195	194.47	168
positions_6nt_m5	11.8	14	19382858	218	1.124693e-05	6.172319e-07	11.96	1.343289e-187	2.982100e-185	184.53	169
positions_6nt_m5	11.9	10	19382868	208	1.073101e-05	5.620807e-07	10.89	4.477766e-183	9.940641e-181	180.00	170
positions_6nt_m5	12.0	11	19382879	197	1.016351e-05	5.170605e-07	10.02	7.230016e-176	1.605063e-173	172.79	171
positions_6nt_m5	12.1	7	19382886	190	9.802367e-06	4.782330e-07	9.27	5.641728e-173	1.252464e-170	169.90	172
positions_6nt_m5	12.2	11	19382897	179	9.234861e-06	4.390166e-07	8.51	5.371836e-165	1.192547e-162	161.92	173
positions_6nt_m5	12.3	6	19382903	173	8.925313e-06	3.988254e-07	7.73	5.679735e-164	1.260901e-161	160.90	174
positions_6nt_m5	12.4	16	19382919	157	8.099850e-06	3.656248e-07	7.09	2.480415e-148	5.506521e-146	145.26	175
positions_6nt_m5	12.5	12	19382931	145	7.480754e-06	3.348847e-07	6.49	1.204760e-137	2.674567e-135	134.57	176
positions_6nt_m5	12.6	6	19382937	139	7.171205e-06	3.097224e-07	6.00	4.222487e-134	9.373921e-132	131.03	177
positions_6nt_m5	12.7	5	19382942	134	6.913248e-06	2.839151e-07	5.50	3.717972e-132	8.253898e-130	129.08	178
positions_6nt_m5	12.8	8	19382950	126	6.500517e-06	2.602257e-07	5.04	1.002506e-125	2.225563e-123	122.65	179
positions_6nt_m5	12.9	7	19382957	119	6.139377e-06	2.362972e-07	4.58	8.438496e-121	1.873346e-118	117.73	180
positions_6nt_m5	13.0	11	19382968	108	5.571872e-06	2.162032e-07	4.19	1.912334e-109	4.245381e-107	106.37	181
positions_6nt_m5	13.1	4	19382972	104	5.365506e-06	1.996901e-07	3.87	2.827840e-107	6.277806e-105	104.20	182
positions_6nt_m5	13.2	7	19382979	97	5.004366e-06	1.823215e-07	3.53	4.777608e-101	1.060629e-98	97.97	183
positions_6nt_m5	13.3	4	19382983	93	4.798001e-06	1.654083e-07	3.21	4.125285e-99	9.158132e-97	96.04	184
positions_6nt_m5	13.4	7	19382990	86	4.436861e-06	1.510793e-07	2.93	3.080899e-92	6.839596e-90	89.16	185
positions_6nt_m5	13.5	5	19382995	81	4.178904e-06	1.381725e-07	2.68	5.538434e-88	1.229532e-85	84.91	186
positions_6nt_m5	13.6	4	19382999	77	3.972538e-06	1.273539e-07	2.47	9.940804e-85	2.206859e-82	81.66	187
positions_6nt_m5	13.7	8	19383007	69	3.559807e-06	1.163721e-07	2.26	1.503058e-75	3.336790e-73	72.48	188
positions_6nt_m5	13.8	3	19383010	66	3.405033e-06	1.061018e-07	2.06	1.127313e-73	2.502636e-71	70.60	189
positions_6nt_m5	13.9	7	19383017	59	3.043893e-06	9.600306e-08	1.86	9.467178e-66	2.101714e-63	62.68	190
positions_6nt_m5	14.0	4	19383021	55	2.837527e-06	8.738243e-08	1.69	5.762481e-62	1.279271e-59	58.89	191
positions_6nt_m5	14.1	4	19383025	51	2.631162e-06	8.054190e-08	1.56	1.023836e-57	2.272915e-55	54.64	192
positions_6nt_m5	14.2	4	19383029	47	2.424796e-06	7.314911e-08	1.42	1.291955e-53	2.868139e-51	50.54	193
positions_6nt_m5	14.3	2	19383031	45	2.321613e-06	6.599888e-08	1.28	1.555952e-52	3.454213e-50	49.46	194
positions_6nt_m5	14.4	1	19383032	44	2.270022e-06	5.982392e-08	1.16	8.169716e-53	1.813677e-50	49.74	195
positions_6nt_m5	14.5	1	19383033	43	2.218430e-06	5.433207e-08	1.05	5.477447e-53	1.215993e-50	49.92	196
positions_6nt_m5	14.6	2	19383035	41	2.115248e-06	4.964215e-08	0.96	2.409514e-51	5.349122e-49	48.27	197
positions_6nt_m5	14.7	4	19383039	37	1.908882e-06	4.509449e-08	0.87	2.132803e-46	4.734823e-44	43.32	198
positions_6nt_m5	14.8	1	19383040	36	1.857291e-06	4.080800e-08	0.79	2.687552e-46	5.966366e-44	43.22	199
positions_6nt_m5	14.9	3	19383043	33	1.702516e-06	3.672852e-08	0.71	7.786990e-43	1.728712e-40	39.76	200
positions_6nt_m5	15.0	4	19383047	29	1.496151e-06	3.319438e-08	0.64	1.696525e-37	3.766286e-35	34.42	201
positions_6nt_m5	15.2	1	19383048	28	1.444559e-06	2.731965e-08	0.53	3.656032e-38	8.116392e-36	35.09	202
positions_6nt_m5	15.3	2	19383050	26	1.341377e-06	2.437241e-08	0.47	5.360642e-36	1.190062e-33	32.92	203
positions_6nt_m5	15.5	4	19383054	22	1.135011e-06	1.978229e-08	0.38	4.279390e-31	9.500246e-29	28.02	204
positions_6nt_m5	15.9	1	19383055	21	1.083419e-06	1.309237e-08	0.25	4.783364e-33	1.061907e-30	29.97	205
positions_6nt_m5	16.0	1	19383056	20	1.031828e-06	1.175637e-08	0.23	4.715886e-32	1.046927e-29	28.98	206
positions_6nt_m5	16.1	2	19383058	18	9.286453e-07	1.066238e-08	0.21	6.076171e-29	1.348910e-26	25.87	207
positions_6nt_m5	16.2	2	19383060	16	8.254625e-07	9.481153e-09	0.18	6.804938e-26	1.510696e-23	22.82	208
positions_6nt_m5	16.3	1	19383061	15	7.738711e-07	8.520670e-09	0.17	1.215405e-24	2.698199e-22	21.57	209
positions_6nt_m5	16.4	1	19383062	14	7.222797e-07	7.743860e-09	0.15	2.938254e-23	6.522924e-21	20.19	210
positions_6nt_m5	16.5	1	19383063	13	6.706883e-07	6.883730e-09	0.13	6.027416e-22	1.338086e-19	18.87	211
positions_6nt_m5	16.8	2	19383065	11	5.675054e-07	5.036741e-09	0.10	1.759074e-19	3.905143e-17	16.41	212
positions_6nt_m5	16.9	2	19383067	9	4.643226e-07	4.501860e-09	0.09	7.472647e-16	1.658928e-13	12.78	213
positions_6nt_m5	17.3	1	19383068	8	4.127312e-07	2.851852e-09	0.06	2.058465e-15	4.569793e-13	12.34	214
positions_6nt_m5	17.4	1	19383069	7	3.611398e-07	2.563150e-09	0.05	1.419294e-13	3.150832e-11	10.50	215
positions_6nt_m5	18.9	1	19383070	6	3.095484e-07	3.878060e-10	0.01	2.489386e-16	5.526436e-14	13.26	216
positions_6nt_m5	19.2	1	19383071	5	2.579570e-07	2.523659e-10	0.00	2.324423e-14	5.160219e-12	11.29	217
positions_6nt_m5	20.0	1	19383072	4	2.063656e-07	8.553088e-11	0.00	3.143366e-13	6.978274e-11	10.16	218
positions_6nt_m5	20.2	1	19383073	3	1.547742e-07	6.451989e-11	0.00	3.256793e-10	7.230081e-08	7.14	219
positions_6nt_m5	20.3	1	19383074	2	1.031828e-07	5.461736e-11	0.00	5.599770e-07	1.243149e-04	3.91	220
positions_6nt_m5	20.4	1	19383075	1	5.159140e-08	4.754795e-11	0.00	9.212009e-04	2.045066e-01	0.69	221
positions_6nt_m5	20.6	1	19383076	0	0.000000e+00	3.445865e-11	0.00	1.000000e+00	2.220000e+02	-2.35	222
; Number of sequences scanned	43038
; Sum of sequence lengths	10681503
; N residues           	63
; Matches per matrix
;	matrix	name            	matches	scored
;	1	positions_6nt_m5	19383074	19383074
;		TOTAL          	19383074	19383074
; Host name	rsat
; Job started	2014-09-03.191140
; Job done	2014-09-03.191203
; Seconds	12.24
;	user	12.24
;	system	0.03
;	cuser	0.56
;	csystem	0.04
