; matrix-scan  -v 1 -quick -seq_format fasta -i $RSAT/public_html/tmp/wwwrun/2014/09/03/peak-motifs.2014-09-03.182940_2014-09-03.182940_LkVj4M/data/sequences/peak-motifs_test_maxlen400.fasta -matrix_format transfac -m $RSAT/public_html/tmp/wwwrun/2014/09/03/peak-motifs.2014-09-03.182940_2014-09-03.182940_LkVj4M/results/discovered_motifs/oligos_7nt_mkv5_m1/peak-motifs_oligos_7nt_mkv5_m1.tf -pseudo 1 -2str -decimals 1 -bg_pseudo 0.01 -n score -lth score -5 -bginput -markov 1 -return distrib -return occ_proba -o $RSAT/public_html/tmp/wwwrun/2014/09/03/peak-motifs.2014-09-03.182940_2014-09-03.182940_LkVj4M/results/discovered_motifs/oligos_7nt_mkv5_m1/peak-motifs_oligos_7nt_mkv5_m1_scan_mkv1_enrichment.tab
; Quick counting mode          
; Input files
;	input	/home/rsat/rsat/public_html/tmp/wwwrun/2014/09/03/peak-motifs.2014-09-03.182940_2014-09-03.182940_LkVj4M/data/sequences/peak-motifs_test_maxlen400.fasta
; Matrix files
;	matrix 1	/home/rsat/rsat/public_html/tmp/wwwrun/2014/09/03/peak-motifs.2014-09-03.182940_2014-09-03.182940_LkVj4M/results/discovered_motifs/oligos_7nt_mkv5_m1/peak-motifs_oligos_7nt_mkv5_m1.tf
; Sequence format      	fasta
; Output files
;	output	/home/rsat/rsat/public_html/tmp/wwwrun/2014/09/03/peak-motifs.2014-09-03.182940_2014-09-03.182940_LkVj4M/results/discovered_motifs/oligos_7nt_mkv5_m1/peak-motifs_oligos_7nt_mkv5_m1_scan_mkv1_enrichment.tab
; Pseudo counts        	1
; Background model
;	Method        	input
;	Markov order  	1
;	Strand        	undef
;	Background pseudo-frequency	0.01
;	Residue probabilities
;		a	0.28671
;		c	0.21298
;		g	0.21277
;		t	0.28754
; Thresholds	lower	upper
;	score 	-5   	NA
;
; Matrices
;	matrix	name              	ncol	nrow	pseudo	Wmin	Wmax	Wrange
;	1	oligos_7nt_mkv5_m1	14	4	1	-51.400	14.200	65.600	a:0.287 c:0.213 g:0.213 t:0.288 
;
; Score distribution
#matrix	score	occ	occ_cum	inv_cum	inv_cum_freq	occ_prior	exp_occ	occ_Pval	occ_Eval	occ_sig	occ_sig_rank
oligos_7nt_mkv5_m1	-5.0	3110	20101424	142412	7.034833e-03	5.410622e-03	109531.73	0.000000e+00	0.000000e+00	350.00	1
oligos_7nt_mkv5_m1	-4.9	3137	20104561	139275	6.879873e-03	5.237511e-03	106027.30	0.000000e+00	0.000000e+00	350.00	2
oligos_7nt_mkv5_m1	-4.8	2989	20107550	136286	6.732223e-03	5.096395e-03	103170.58	0.000000e+00	0.000000e+00	350.00	3
oligos_7nt_mkv5_m1	-4.7	2888	20110438	133398	6.589562e-03	4.930085e-03	99803.81	0.000000e+00	0.000000e+00	350.00	4
oligos_7nt_mkv5_m1	-4.6	3109	20113547	130289	6.435984e-03	4.787848e-03	96924.40	0.000000e+00	0.000000e+00	350.00	5
oligos_7nt_mkv5_m1	-4.5	2961	20116508	127328	6.289718e-03	4.659457e-03	94325.27	0.000000e+00	0.000000e+00	350.00	6
oligos_7nt_mkv5_m1	-4.4	2723	20119231	124605	6.155208e-03	4.505807e-03	91214.81	0.000000e+00	0.000000e+00	350.00	7
oligos_7nt_mkv5_m1	-4.3	2664	20121895	121941	6.023612e-03	4.384458e-03	88758.25	0.000000e+00	0.000000e+00	350.00	8
oligos_7nt_mkv5_m1	-4.2	2664	20124559	119277	5.892016e-03	4.254154e-03	86120.39	0.000000e+00	0.000000e+00	350.00	9
oligos_7nt_mkv5_m1	-4.1	2463	20127022	116814	5.770350e-03	4.112612e-03	83255.03	0.000000e+00	0.000000e+00	350.00	10
oligos_7nt_mkv5_m1	-4.0	2449	20129471	114365	5.649375e-03	3.999281e-03	80960.78	0.000000e+00	0.000000e+00	350.00	11
oligos_7nt_mkv5_m1	-3.9	2368	20131839	111997	5.532401e-03	3.864436e-03	78231.00	0.000000e+00	0.000000e+00	350.00	12
oligos_7nt_mkv5_m1	-3.8	2496	20134335	109501	5.409104e-03	3.743877e-03	75790.42	0.000000e+00	0.000000e+00	350.00	13
oligos_7nt_mkv5_m1	-3.7	2320	20136655	107181	5.294501e-03	3.626835e-03	73421.05	0.000000e+00	0.000000e+00	350.00	14
oligos_7nt_mkv5_m1	-3.6	2287	20138942	104894	5.181528e-03	3.523152e-03	71322.11	0.000000e+00	0.000000e+00	350.00	15
oligos_7nt_mkv5_m1	-3.5	2292	20141234	102602	5.068309e-03	3.410956e-03	69050.83	0.000000e+00	0.000000e+00	350.00	16
oligos_7nt_mkv5_m1	-3.4	2198	20143432	100404	4.959732e-03	3.290341e-03	66609.11	0.000000e+00	0.000000e+00	350.00	17
oligos_7nt_mkv5_m1	-3.3	2217	20145649	98187	4.850218e-03	3.181730e-03	64410.41	0.000000e+00	0.000000e+00	350.00	18
oligos_7nt_mkv5_m1	-3.2	2024	20147673	96163	4.750237e-03	3.087291e-03	62498.61	0.000000e+00	0.000000e+00	350.00	19
oligos_7nt_mkv5_m1	-3.1	2047	20149720	94116	4.649119e-03	2.988094e-03	60490.49	0.000000e+00	0.000000e+00	350.00	20
oligos_7nt_mkv5_m1	-3.0	2072	20151792	92044	4.546767e-03	2.887475e-03	58453.57	0.000000e+00	0.000000e+00	350.00	21
oligos_7nt_mkv5_m1	-2.9	1831	20153623	90213	4.456320e-03	2.778225e-03	56241.93	0.000000e+00	0.000000e+00	350.00	22
oligos_7nt_mkv5_m1	-2.8	1873	20155496	88340	4.363798e-03	2.684721e-03	54349.05	0.000000e+00	0.000000e+00	350.00	23
oligos_7nt_mkv5_m1	-2.7	1875	20157371	86465	4.271177e-03	2.593288e-03	52498.09	0.000000e+00	0.000000e+00	350.00	24
oligos_7nt_mkv5_m1	-2.6	1690	20159061	84775	4.187695e-03	2.512000e-03	50852.52	0.000000e+00	0.000000e+00	350.00	25
oligos_7nt_mkv5_m1	-2.5	1775	20160836	83000	4.100014e-03	2.424328e-03	49077.69	0.000000e+00	0.000000e+00	350.00	26
oligos_7nt_mkv5_m1	-2.4	1734	20162570	81266	4.014358e-03	2.333243e-03	47233.79	0.000000e+00	0.000000e+00	350.00	27
oligos_7nt_mkv5_m1	-2.3	1759	20164329	79507	3.927467e-03	2.250159e-03	45551.85	0.000000e+00	0.000000e+00	350.00	28
oligos_7nt_mkv5_m1	-2.2	1637	20165966	77870	3.846603e-03	2.178250e-03	44096.14	0.000000e+00	0.000000e+00	350.00	29
oligos_7nt_mkv5_m1	-2.1	1593	20167559	76277	3.767913e-03	2.100895e-03	42530.18	0.000000e+00	0.000000e+00	350.00	30
oligos_7nt_mkv5_m1	-2.0	1570	20169129	74707	3.690358e-03	2.024623e-03	40986.12	0.000000e+00	0.000000e+00	350.00	31
oligos_7nt_mkv5_m1	-1.9	1645	20170774	73062	3.609099e-03	1.952001e-03	39515.98	0.000000e+00	0.000000e+00	350.00	32
oligos_7nt_mkv5_m1	-1.8	1497	20172271	71565	3.535151e-03	1.873911e-03	37935.14	0.000000e+00	0.000000e+00	350.00	33
oligos_7nt_mkv5_m1	-1.7	1417	20173688	70148	3.465154e-03	1.803932e-03	36518.49	0.000000e+00	0.000000e+00	350.00	34
oligos_7nt_mkv5_m1	-1.6	1447	20175135	68701	3.393675e-03	1.746337e-03	35352.57	0.000000e+00	0.000000e+00	350.00	35
oligos_7nt_mkv5_m1	-1.5	1341	20176476	67360	3.327433e-03	1.676985e-03	33948.61	0.000000e+00	0.000000e+00	350.00	36
oligos_7nt_mkv5_m1	-1.4	1350	20177826	66010	3.260746e-03	1.623241e-03	32860.63	0.000000e+00	0.000000e+00	350.00	37
oligos_7nt_mkv5_m1	-1.3	1310	20179136	64700	3.196035e-03	1.556276e-03	31504.99	0.000000e+00	0.000000e+00	350.00	38
oligos_7nt_mkv5_m1	-1.2	1303	20180439	63397	3.131670e-03	1.506279e-03	30492.85	0.000000e+00	0.000000e+00	350.00	39
oligos_7nt_mkv5_m1	-1.1	1262	20181701	62135	3.069330e-03	1.452430e-03	29402.76	0.000000e+00	0.000000e+00	350.00	40
oligos_7nt_mkv5_m1	-1.0	1253	20182954	60882	3.007434e-03	1.395312e-03	28246.47	0.000000e+00	0.000000e+00	350.00	41
oligos_7nt_mkv5_m1	-0.9	1228	20184182	59654	2.946774e-03	1.350655e-03	27342.43	0.000000e+00	0.000000e+00	350.00	42
oligos_7nt_mkv5_m1	-0.8	1182	20185364	58472	2.888386e-03	1.299208e-03	26300.95	0.000000e+00	0.000000e+00	350.00	43
oligos_7nt_mkv5_m1	-0.7	1196	20186560	57276	2.829306e-03	1.247078e-03	25245.64	0.000000e+00	0.000000e+00	350.00	44
oligos_7nt_mkv5_m1	-0.6	1282	20187842	55994	2.765978e-03	1.203263e-03	24358.65	0.000000e+00	0.000000e+00	350.00	45
oligos_7nt_mkv5_m1	-0.5	1152	20188994	54842	2.709072e-03	1.159290e-03	23468.48	0.000000e+00	0.000000e+00	350.00	46
oligos_7nt_mkv5_m1	-0.4	1122	20190116	53720	2.653648e-03	1.117387e-03	22620.20	0.000000e+00	0.000000e+00	350.00	47
oligos_7nt_mkv5_m1	-0.3	1218	20191334	52502	2.593481e-03	1.081001e-03	21883.60	0.000000e+00	0.000000e+00	350.00	48
oligos_7nt_mkv5_m1	-0.2	1104	20192438	51398	2.538946e-03	1.042077e-03	21095.63	0.000000e+00	0.000000e+00	350.00	49
oligos_7nt_mkv5_m1	-0.1	1125	20193563	50273	2.483373e-03	1.004323e-03	20331.36	0.000000e+00	0.000000e+00	350.00	50
oligos_7nt_mkv5_m1	0.0	1153	20194716	49120	2.426418e-03	9.660438e-04	19556.43	0.000000e+00	0.000000e+00	350.00	51
oligos_7nt_mkv5_m1	0.1	1062	20195778	48058	2.373957e-03	9.356349e-04	18940.84	0.000000e+00	0.000000e+00	350.00	52
oligos_7nt_mkv5_m1	0.2	1143	20196921	46915	2.317496e-03	8.981870e-04	18182.75	0.000000e+00	0.000000e+00	350.00	53
oligos_7nt_mkv5_m1	0.3	993	20197914	45922	2.268444e-03	8.663730e-04	17538.71	0.000000e+00	0.000000e+00	350.00	54
oligos_7nt_mkv5_m1	0.4	933	20198847	44989	2.222356e-03	8.365218e-04	16934.41	0.000000e+00	0.000000e+00	350.00	55
oligos_7nt_mkv5_m1	0.5	1007	20199854	43982	2.172612e-03	8.109300e-04	16416.33	0.000000e+00	0.000000e+00	350.00	56
oligos_7nt_mkv5_m1	0.6	1202	20201056	42780	2.113236e-03	7.821806e-04	15834.33	0.000000e+00	0.000000e+00	350.00	57
oligos_7nt_mkv5_m1	0.7	905	20201961	41875	2.068531e-03	7.531879e-04	15247.41	0.000000e+00	0.000000e+00	350.00	58
oligos_7nt_mkv5_m1	0.8	852	20202813	41023	2.026444e-03	7.263665e-04	14704.44	0.000000e+00	0.000000e+00	350.00	59
oligos_7nt_mkv5_m1	0.9	1000	20203813	40023	1.977046e-03	6.992023e-04	14154.54	0.000000e+00	0.000000e+00	350.00	60
oligos_7nt_mkv5_m1	1.0	1121	20204934	38902	1.921672e-03	6.723929e-04	13611.81	0.000000e+00	0.000000e+00	350.00	61
oligos_7nt_mkv5_m1	1.1	925	20205859	37977	1.875979e-03	6.497557e-04	13153.55	0.000000e+00	0.000000e+00	350.00	62
oligos_7nt_mkv5_m1	1.2	871	20206730	37106	1.832953e-03	6.243097e-04	12638.42	0.000000e+00	0.000000e+00	350.00	63
oligos_7nt_mkv5_m1	1.3	858	20207588	36248	1.790570e-03	6.008513e-04	12163.53	0.000000e+00	0.000000e+00	350.00	64
oligos_7nt_mkv5_m1	1.4	800	20208388	35448	1.751052e-03	5.805150e-04	11751.85	0.000000e+00	0.000000e+00	350.00	65
oligos_7nt_mkv5_m1	1.5	763	20209151	34685	1.713361e-03	5.579468e-04	11294.98	0.000000e+00	0.000000e+00	350.00	66
oligos_7nt_mkv5_m1	1.6	708	20209859	33977	1.678388e-03	5.401901e-04	10935.52	0.000000e+00	0.000000e+00	350.00	67
oligos_7nt_mkv5_m1	1.7	761	20210620	33216	1.640796e-03	5.179940e-04	10486.19	0.000000e+00	0.000000e+00	350.00	68
oligos_7nt_mkv5_m1	1.8	731	20211351	32485	1.604686e-03	5.007071e-04	10136.23	0.000000e+00	0.000000e+00	350.00	69
oligos_7nt_mkv5_m1	1.9	641	20211992	31844	1.573022e-03	4.819265e-04	9756.04	0.000000e+00	0.000000e+00	350.00	70
oligos_7nt_mkv5_m1	2.0	579	20212571	31265	1.544421e-03	4.611016e-04	9334.46	0.000000e+00	0.000000e+00	350.00	71
oligos_7nt_mkv5_m1	2.1	777	20213348	30488	1.506039e-03	4.437191e-04	8982.58	0.000000e+00	0.000000e+00	350.00	72
oligos_7nt_mkv5_m1	2.2	742	20214090	29746	1.469386e-03	4.259804e-04	8623.48	0.000000e+00	0.000000e+00	350.00	73
oligos_7nt_mkv5_m1	2.3	544	20214634	29202	1.442513e-03	4.080303e-04	8260.10	0.000000e+00	0.000000e+00	350.00	74
oligos_7nt_mkv5_m1	2.4	568	20215202	28634	1.414455e-03	3.934518e-04	7964.97	0.000000e+00	0.000000e+00	350.00	75
oligos_7nt_mkv5_m1	2.5	615	20215817	28019	1.384076e-03	3.784356e-04	7660.99	0.000000e+00	0.000000e+00	350.00	76
oligos_7nt_mkv5_m1	2.6	554	20216371	27465	1.356709e-03	3.618481e-04	7325.19	0.000000e+00	0.000000e+00	350.00	77
oligos_7nt_mkv5_m1	2.7	515	20216886	26950	1.331270e-03	3.466613e-04	7017.75	0.000000e+00	0.000000e+00	350.00	78
oligos_7nt_mkv5_m1	2.8	489	20217375	26461	1.307114e-03	3.345261e-04	6772.09	0.000000e+00	0.000000e+00	350.00	79
oligos_7nt_mkv5_m1	2.9	425	20217800	26036	1.286120e-03	3.211153e-04	6500.61	0.000000e+00	0.000000e+00	350.00	80
oligos_7nt_mkv5_m1	3.0	471	20218271	25565	1.262854e-03	3.082849e-04	6240.87	0.000000e+00	0.000000e+00	350.00	81
oligos_7nt_mkv5_m1	3.1	448	20218719	25117	1.240723e-03	2.944968e-04	5961.74	0.000000e+00	0.000000e+00	350.00	82
oligos_7nt_mkv5_m1	3.2	510	20219229	24607	1.215531e-03	2.815935e-04	5700.53	0.000000e+00	0.000000e+00	350.00	83
oligos_7nt_mkv5_m1	3.3	461	20219690	24146	1.192758e-03	2.689017e-04	5443.60	0.000000e+00	0.000000e+00	350.00	84
oligos_7nt_mkv5_m1	3.4	504	20220194	23642	1.167862e-03	2.585694e-04	5234.44	0.000000e+00	0.000000e+00	350.00	85
oligos_7nt_mkv5_m1	3.5	424	20220618	23218	1.146917e-03	2.475028e-04	5010.41	0.000000e+00	0.000000e+00	350.00	86
oligos_7nt_mkv5_m1	3.6	462	20221080	22756	1.124095e-03	2.361720e-04	4781.03	0.000000e+00	0.000000e+00	350.00	87
oligos_7nt_mkv5_m1	3.7	417	20221497	22339	1.103497e-03	2.254929e-04	4564.84	0.000000e+00	0.000000e+00	350.00	88
oligos_7nt_mkv5_m1	3.8	389	20221886	21950	1.084281e-03	2.158929e-04	4370.50	0.000000e+00	0.000000e+00	350.00	89
oligos_7nt_mkv5_m1	3.9	437	20222323	21513	1.062694e-03	2.061871e-04	4174.02	0.000000e+00	0.000000e+00	350.00	90
oligos_7nt_mkv5_m1	4.0	453	20222776	21060	1.040317e-03	1.971406e-04	3990.88	0.000000e+00	0.000000e+00	350.00	91
oligos_7nt_mkv5_m1	4.1	457	20223233	20603	1.017742e-03	1.865810e-04	3777.11	0.000000e+00	0.000000e+00	350.00	92
oligos_7nt_mkv5_m1	4.2	465	20223698	20138	9.947720e-04	1.780585e-04	3604.59	0.000000e+00	0.000000e+00	350.00	93
oligos_7nt_mkv5_m1	4.3	422	20224120	19716	9.739262e-04	1.683500e-04	3408.05	0.000000e+00	0.000000e+00	350.00	94
oligos_7nt_mkv5_m1	4.4	418	20224538	19298	9.532779e-04	1.602605e-04	3244.29	0.000000e+00	0.000000e+00	350.00	95
oligos_7nt_mkv5_m1	4.5	475	20225013	18823	9.298140e-04	1.530181e-04	3097.67	0.000000e+00	0.000000e+00	350.00	96
oligos_7nt_mkv5_m1	4.6	432	20225445	18391	9.084742e-04	1.447572e-04	2930.44	0.000000e+00	0.000000e+00	350.00	97
oligos_7nt_mkv5_m1	4.7	425	20225870	17966	8.874801e-04	1.380274e-04	2794.20	0.000000e+00	0.000000e+00	350.00	98
oligos_7nt_mkv5_m1	4.8	465	20226335	17501	8.645102e-04	1.310968e-04	2653.90	0.000000e+00	0.000000e+00	350.00	99
oligos_7nt_mkv5_m1	4.9	468	20226803	17033	8.413920e-04	1.239646e-04	2509.52	0.000000e+00	0.000000e+00	350.00	100
oligos_7nt_mkv5_m1	5.0	381	20227184	16652	8.225715e-04	1.178719e-04	2386.18	0.000000e+00	0.000000e+00	350.00	101
oligos_7nt_mkv5_m1	5.1	426	20227610	16226	8.015280e-04	1.114747e-04	2256.68	0.000000e+00	0.000000e+00	350.00	102
oligos_7nt_mkv5_m1	5.2	440	20228050	15786	7.797930e-04	1.065122e-04	2156.21	0.000000e+00	0.000000e+00	350.00	103
oligos_7nt_mkv5_m1	5.3	392	20228442	15394	7.604291e-04	9.964795e-05	2017.26	0.000000e+00	0.000000e+00	350.00	104
oligos_7nt_mkv5_m1	5.4	399	20228841	14995	7.407194e-04	9.414507e-05	1905.86	0.000000e+00	0.000000e+00	350.00	105
oligos_7nt_mkv5_m1	5.5	493	20229334	14502	7.163663e-04	8.977796e-05	1817.45	0.000000e+00	0.000000e+00	350.00	106
oligos_7nt_mkv5_m1	5.6	418	20229752	14084	6.957180e-04	8.481012e-05	1716.88	0.000000e+00	0.000000e+00	350.00	107
oligos_7nt_mkv5_m1	5.7	379	20230131	13705	6.769963e-04	8.051849e-05	1630.00	0.000000e+00	0.000000e+00	350.00	108
oligos_7nt_mkv5_m1	5.8	476	20230607	13229	6.534829e-04	7.635633e-05	1545.74	0.000000e+00	0.000000e+00	350.00	109
oligos_7nt_mkv5_m1	5.9	342	20230949	12887	6.365889e-04	7.196822e-05	1456.91	0.000000e+00	0.000000e+00	350.00	110
oligos_7nt_mkv5_m1	6.0	379	20231328	12508	6.178671e-04	6.866284e-05	1390.00	0.000000e+00	0.000000e+00	350.00	111
oligos_7nt_mkv5_m1	6.1	379	20231707	12129	5.991454e-04	6.511954e-05	1318.27	0.000000e+00	0.000000e+00	350.00	112
oligos_7nt_mkv5_m1	6.2	433	20232140	11696	5.777562e-04	6.217122e-05	1258.58	0.000000e+00	0.000000e+00	350.00	113
oligos_7nt_mkv5_m1	6.3	353	20232493	11343	5.603188e-04	5.850019e-05	1184.27	0.000000e+00	0.000000e+00	350.00	114
oligos_7nt_mkv5_m1	6.4	366	20232859	10977	5.422392e-04	5.568041e-05	1127.18	0.000000e+00	0.000000e+00	350.00	115
oligos_7nt_mkv5_m1	6.5	366	20233225	10611	5.241596e-04	5.339791e-05	1080.98	0.000000e+00	0.000000e+00	350.00	116
oligos_7nt_mkv5_m1	6.6	296	20233521	10315	5.095379e-04	5.040880e-05	1020.47	0.000000e+00	0.000000e+00	350.00	117
oligos_7nt_mkv5_m1	6.7	311	20233832	10004	4.941752e-04	4.808868e-05	973.50	0.000000e+00	0.000000e+00	350.00	118
oligos_7nt_mkv5_m1	6.8	324	20234156	9680	4.781703e-04	4.599757e-05	931.17	0.000000e+00	0.000000e+00	350.00	119
oligos_7nt_mkv5_m1	6.9	365	20234521	9315	4.601401e-04	4.327822e-05	876.12	0.000000e+00	0.000000e+00	350.00	120
oligos_7nt_mkv5_m1	7.0	275	20234796	9040	4.465557e-04	4.131823e-05	836.44	0.000000e+00	0.000000e+00	350.00	121
oligos_7nt_mkv5_m1	7.1	255	20235051	8785	4.339593e-04	3.926624e-05	794.90	0.000000e+00	0.000000e+00	350.00	122
oligos_7nt_mkv5_m1	7.2	296	20235347	8489	4.193376e-04	3.773844e-05	763.97	0.000000e+00	0.000000e+00	350.00	123
oligos_7nt_mkv5_m1	7.3	260	20235607	8229	4.064941e-04	3.566942e-05	722.09	0.000000e+00	0.000000e+00	350.00	124
oligos_7nt_mkv5_m1	7.4	203	20235810	8026	3.964664e-04	3.401659e-05	688.63	0.000000e+00	0.000000e+00	350.00	125
oligos_7nt_mkv5_m1	7.5	212	20236022	7814	3.859941e-04	3.273689e-05	662.72	0.000000e+00	0.000000e+00	350.00	126
oligos_7nt_mkv5_m1	7.6	329	20236351	7485	3.697422e-04	3.136228e-05	634.89	0.000000e+00	0.000000e+00	350.00	127
oligos_7nt_mkv5_m1	7.7	279	20236630	7206	3.559602e-04	3.019333e-05	611.23	0.000000e+00	0.000000e+00	350.00	128
oligos_7nt_mkv5_m1	7.8	175	20236805	7031	3.473156e-04	2.853683e-05	577.69	0.000000e+00	0.000000e+00	350.00	129
oligos_7nt_mkv5_m1	7.9	254	20237059	6777	3.347686e-04	2.707020e-05	548.00	0.000000e+00	0.000000e+00	350.00	130
oligos_7nt_mkv5_m1	8.0	228	20237287	6549	3.235059e-04	2.592551e-05	524.83	0.000000e+00	0.000000e+00	350.00	131
oligos_7nt_mkv5_m1	8.1	121	20237408	6428	3.175288e-04	2.437831e-05	493.51	0.000000e+00	0.000000e+00	350.00	132
oligos_7nt_mkv5_m1	8.2	184	20237592	6244	3.084396e-04	2.315629e-05	468.77	0.000000e+00	0.000000e+00	350.00	133
oligos_7nt_mkv5_m1	8.3	186	20237778	6058	2.992516e-04	2.195296e-05	444.41	0.000000e+00	0.000000e+00	350.00	134
oligos_7nt_mkv5_m1	8.4	115	20237893	5943	2.935709e-04	2.055788e-05	416.17	0.000000e+00	0.000000e+00	350.00	135
oligos_7nt_mkv5_m1	8.5	132	20238025	5811	2.870504e-04	1.956787e-05	396.13	0.000000e+00	0.000000e+00	350.00	136
oligos_7nt_mkv5_m1	8.6	178	20238203	5633	2.782576e-04	1.888552e-05	382.32	0.000000e+00	0.000000e+00	350.00	137
oligos_7nt_mkv5_m1	8.7	131	20238334	5502	2.717865e-04	1.800348e-05	364.46	0.000000e+00	0.000000e+00	350.00	138
oligos_7nt_mkv5_m1	8.8	119	20238453	5383	2.659081e-04	1.681431e-05	340.39	0.000000e+00	0.000000e+00	350.00	139
oligos_7nt_mkv5_m1	8.9	160	20238613	5223	2.580045e-04	1.592997e-05	322.48	0.000000e+00	0.000000e+00	350.00	140
oligos_7nt_mkv5_m1	9.0	147	20238760	5076	2.507430e-04	1.511849e-05	306.06	0.000000e+00	0.000000e+00	350.00	141
oligos_7nt_mkv5_m1	9.1	114	20238874	4962	2.451117e-04	1.433180e-05	290.13	0.000000e+00	0.000000e+00	350.00	142
oligos_7nt_mkv5_m1	9.2	127	20239001	4835	2.388382e-04	1.358260e-05	274.96	0.000000e+00	0.000000e+00	350.00	143
oligos_7nt_mkv5_m1	9.3	113	20239114	4722	2.332562e-04	1.252708e-05	253.60	0.000000e+00	0.000000e+00	350.00	144
oligos_7nt_mkv5_m1	9.4	92	20239206	4630	2.287116e-04	1.172677e-05	237.39	0.000000e+00	0.000000e+00	350.00	145
oligos_7nt_mkv5_m1	9.5	142	20239348	4488	2.216971e-04	1.111367e-05	224.98	0.000000e+00	0.000000e+00	350.00	146
oligos_7nt_mkv5_m1	9.6	148	20239496	4340	2.143863e-04	1.059663e-05	214.52	0.000000e+00	0.000000e+00	350.00	147
oligos_7nt_mkv5_m1	9.7	73	20239569	4267	2.107802e-04	9.754120e-06	197.46	0.000000e+00	0.000000e+00	350.00	148
oligos_7nt_mkv5_m1	9.8	130	20239699	4137	2.043585e-04	9.273740e-06	187.74	0.000000e+00	0.000000e+00	350.00	149
oligos_7nt_mkv5_m1	9.9	135	20239834	4002	1.976898e-04	8.668102e-06	175.48	0.000000e+00	0.000000e+00	350.00	150
oligos_7nt_mkv5_m1	10.0	114	20239948	3888	1.920585e-04	8.100392e-06	163.98	0.000000e+00	0.000000e+00	350.00	151
oligos_7nt_mkv5_m1	10.1	116	20240064	3772	1.863283e-04	7.696845e-06	155.81	0.000000e+00	0.000000e+00	350.00	152
oligos_7nt_mkv5_m1	10.2	151	20240215	3621	1.788693e-04	7.254679e-06	146.86	0.000000e+00	0.000000e+00	350.00	153
oligos_7nt_mkv5_m1	10.3	133	20240348	3488	1.722994e-04	6.608958e-06	133.79	0.000000e+00	0.000000e+00	350.00	154
oligos_7nt_mkv5_m1	10.4	142	20240490	3346	1.652849e-04	6.272737e-06	126.98	0.000000e+00	0.000000e+00	350.00	155
oligos_7nt_mkv5_m1	10.5	105	20240595	3241	1.600981e-04	5.846120e-06	118.35	0.000000e+00	0.000000e+00	350.00	156
oligos_7nt_mkv5_m1	10.6	123	20240718	3118	1.540222e-04	5.495757e-06	111.26	0.000000e+00	0.000000e+00	350.00	157
oligos_7nt_mkv5_m1	10.7	189	20240907	2929	1.446860e-04	5.178702e-06	104.84	0.000000e+00	0.000000e+00	350.00	158
oligos_7nt_mkv5_m1	10.8	141	20241048	2788	1.377209e-04	4.839283e-06	97.97	0.000000e+00	0.000000e+00	350.00	159
oligos_7nt_mkv5_m1	10.9	122	20241170	2666	1.316944e-04	4.342620e-06	87.91	0.000000e+00	0.000000e+00	350.00	160
oligos_7nt_mkv5_m1	11.0	149	20241319	2517	1.243342e-04	3.961957e-06	80.21	0.000000e+00	0.000000e+00	350.00	161
oligos_7nt_mkv5_m1	11.1	218	20241537	2299	1.135654e-04	3.755194e-06	76.02	0.000000e+00	0.000000e+00	350.00	162
oligos_7nt_mkv5_m1	11.2	130	20241667	2169	1.071437e-04	3.415118e-06	69.14	0.000000e+00	0.000000e+00	350.00	163
oligos_7nt_mkv5_m1	11.3	169	20241836	2000	9.879551e-05	2.980963e-06	60.35	0.000000e+00	0.000000e+00	350.00	164
oligos_7nt_mkv5_m1	11.4	213	20242049	1787	8.827379e-05	2.702889e-06	54.72	0.000000e+00	0.000000e+00	350.00	165
oligos_7nt_mkv5_m1	11.5	210	20242259	1577	7.790026e-05	2.392195e-06	48.43	0.000000e+00	0.000000e+00	350.00	166
oligos_7nt_mkv5_m1	11.6	149	20242408	1428	7.054000e-05	2.163250e-06	43.79	0.000000e+00	0.000000e+00	350.00	167
oligos_7nt_mkv5_m1	11.7	135	20242543	1293	6.387130e-05	1.912363e-06	38.71	0.000000e+00	0.000000e+00	350.00	168
oligos_7nt_mkv5_m1	11.8	98	20242641	1195	5.903032e-05	1.747594e-06	35.38	0.000000e+00	0.000000e+00	350.00	169
oligos_7nt_mkv5_m1	11.9	143	20242784	1052	5.196644e-05	1.568252e-06	31.75	0.000000e+00	0.000000e+00	350.00	170
oligos_7nt_mkv5_m1	12.0	105	20242889	947	4.677968e-05	1.290701e-06	26.13	0.000000e+00	0.000000e+00	350.00	171
oligos_7nt_mkv5_m1	12.1	43	20242932	904	4.465557e-05	1.156176e-06	23.41	0.000000e+00	0.000000e+00	350.00	172
oligos_7nt_mkv5_m1	12.2	111	20243043	793	3.917242e-05	1.068477e-06	21.63	0.000000e+00	0.000000e+00	350.00	173
oligos_7nt_mkv5_m1	12.3	197	20243240	596	2.944106e-05	9.457118e-07	19.14	0.000000e+00	0.000000e+00	350.00	174
oligos_7nt_mkv5_m1	12.4	49	20243289	547	2.702057e-05	6.794155e-07	13.75	0.000000e+00	0.000000e+00	350.00	175
oligos_7nt_mkv5_m1	12.5	28	20243317	519	2.563744e-05	5.628608e-07	11.39	0.000000e+00	0.000000e+00	350.00	176
oligos_7nt_mkv5_m1	12.6	202	20243519	317	1.565909e-05	4.926872e-07	9.97	0.000000e+00	0.000000e+00	350.00	177
oligos_7nt_mkv5_m1	12.7	77	20243596	240	1.185546e-05	3.989506e-07	8.08	4.248346e-255	8.114341e-253	252.09	178
oligos_7nt_mkv5_m1	12.8	31	20243627	209	1.032413e-05	2.885286e-07	5.84	9.277218e-239	1.771949e-236	235.75	179
oligos_7nt_mkv5_m1	12.9	101	20243728	108	5.334958e-06	2.060091e-07	4.17	1.155828e-109	2.207632e-107	106.66	180
oligos_7nt_mkv5_m1	13.0	7	20243735	101	4.989173e-06	1.389243e-07	2.81	1.487605e-116	2.841326e-114	113.55	181
oligos_7nt_mkv5_m1	13.1	23	20243758	78	3.853025e-06	1.166430e-07	2.36	1.095016e-87	2.091481e-85	84.68	182
oligos_7nt_mkv5_m1	13.2	42	20243800	36	1.778319e-06	9.457153e-08	1.91	5.956000e-33	1.137596e-30	29.94	183
oligos_7nt_mkv5_m1	13.3	3	20243803	33	1.630126e-06	6.221419e-08	1.26	6.866221e-35	1.311448e-32	31.88	184
oligos_7nt_mkv5_m1	13.4	9	20243812	24	1.185546e-06	4.632984e-08	0.94	1.406806e-25	2.687000e-23	22.57	185
oligos_7nt_mkv5_m1	13.5	6	20243818	18	8.891596e-07	3.388733e-08	0.69	9.238656e-20	1.764583e-17	16.75	186
oligos_7nt_mkv5_m1	13.7	9	20243827	9	4.445798e-07	2.446102e-08	0.50	3.162545e-09	6.040462e-07	6.22	187
oligos_7nt_mkv5_m1	13.8	5	20243832	4	1.975910e-07	1.638838e-08	0.33	3.876921e-04	7.404918e-02	1.13	188
oligos_7nt_mkv5_m1	14.0	2	20243834	2	9.879551e-08	5.688012e-09	0.12	6.141843e-03	1.173092e+00	-0.07	189
oligos_7nt_mkv5_m1	14.3	1	20243835	1	4.939776e-08	2.956634e-09	0.06	5.809760e-02	1.109664e+01	-1.05	190
oligos_7nt_mkv5_m1	14.4	1	20243836	0	0.000000e+00	1.031538e-09	0.02	1.000000e+00	1.910000e+02	-2.28	191
; Number of sequences scanned	43038
; Sum of sequence lengths	10681503
; N residues           	63
; Matches per matrix
;	matrix	name              	matches	scored
;	1	oligos_7nt_mkv5_m1	20243834	20243834
;		TOTAL          	20243834	20243834
; Host name	rsat
; Job started	2014-09-03.191219
; Job done	2014-09-03.191235
; Seconds	8.46
;	user	8.47
;	system	0.04
;	cuser	0.57
;	csystem	0.02
