; matrix-scan  -v 1 -quick -seq_format fasta -i $RSAT/public_html/tmp/wwwrun/2014/09/03/peak-motifs.2014-09-03.182940_2014-09-03.182940_LkVj4M/data/sequences/peak-motifs_test_maxlen400.fasta -matrix_format transfac -m $RSAT/public_html/tmp/wwwrun/2014/09/03/peak-motifs.2014-09-03.182940_2014-09-03.182940_LkVj4M/results/discovered_motifs/positions_7nt_m5/peak-motifs_positions_7nt_m5.tf -pseudo 1 -2str -decimals 1 -bg_pseudo 0.01 -n score -lth score -5 -bginput -markov 1 -return distrib -return occ_proba -o $RSAT/public_html/tmp/wwwrun/2014/09/03/peak-motifs.2014-09-03.182940_2014-09-03.182940_LkVj4M/results/discovered_motifs/positions_7nt_m5/peak-motifs_positions_7nt_m5_scan_mkv1_enrichment.tab
; Quick counting mode          
; Input files
;	input	/home/rsat/rsat/public_html/tmp/wwwrun/2014/09/03/peak-motifs.2014-09-03.182940_2014-09-03.182940_LkVj4M/data/sequences/peak-motifs_test_maxlen400.fasta
; Matrix files
;	matrix 1	/home/rsat/rsat/public_html/tmp/wwwrun/2014/09/03/peak-motifs.2014-09-03.182940_2014-09-03.182940_LkVj4M/results/discovered_motifs/positions_7nt_m5/peak-motifs_positions_7nt_m5.tf
; Sequence format      	fasta
; Output files
;	output	/home/rsat/rsat/public_html/tmp/wwwrun/2014/09/03/peak-motifs.2014-09-03.182940_2014-09-03.182940_LkVj4M/results/discovered_motifs/positions_7nt_m5/peak-motifs_positions_7nt_m5_scan_mkv1_enrichment.tab
; Pseudo counts        	1
; Background model
;	Method        	input
;	Markov order  	1
;	Strand        	undef
;	Background pseudo-frequency	0.01
;	Residue probabilities
;		a	0.28671
;		c	0.21298
;		g	0.21277
;		t	0.28754
; Thresholds	lower	upper
;	score 	-5   	NA
;
; Matrices
;	matrix	name            	ncol	nrow	pseudo	Wmin	Wmax	Wrange
;	1	positions_7nt_m5	17	4	1	-58.900	18.000	76.900	a:0.287 c:0.213 g:0.213 t:0.288 
;
; Score distribution
#matrix	score	occ	occ_cum	inv_cum	inv_cum_freq	occ_prior	exp_occ	occ_Pval	occ_Eval	occ_sig	occ_sig_rank
positions_7nt_m5	-5.0	3374	19859871	125737	6.291378e-03	4.989001e-03	99708.21	0.000000e+00	0.000000e+00	350.00	1
positions_7nt_m5	-4.9	3354	19863225	122383	6.123557e-03	4.809603e-03	96122.84	0.000000e+00	0.000000e+00	350.00	2
positions_7nt_m5	-4.8	3274	19866499	119109	5.959739e-03	4.667164e-03	93276.11	0.000000e+00	0.000000e+00	350.00	3
positions_7nt_m5	-4.7	3026	19869525	116083	5.808330e-03	4.497929e-03	89893.85	0.000000e+00	0.000000e+00	350.00	4
positions_7nt_m5	-4.6	2943	19872468	113140	5.661074e-03	4.348737e-03	86912.15	0.000000e+00	0.000000e+00	350.00	5
positions_7nt_m5	-4.5	2996	19875464	110144	5.511166e-03	4.217901e-03	84297.30	0.000000e+00	0.000000e+00	350.00	6
positions_7nt_m5	-4.4	2902	19878366	107242	5.365962e-03	4.063019e-03	81201.90	0.000000e+00	0.000000e+00	350.00	7
positions_7nt_m5	-4.3	2733	19881099	104509	5.229213e-03	3.939829e-03	78739.88	0.000000e+00	0.000000e+00	350.00	8
positions_7nt_m5	-4.2	2706	19883805	101803	5.093816e-03	3.806818e-03	76081.57	0.000000e+00	0.000000e+00	350.00	9
positions_7nt_m5	-4.1	2689	19886494	99114	4.959269e-03	3.664786e-03	73242.98	0.000000e+00	0.000000e+00	350.00	10
positions_7nt_m5	-4.0	2724	19889218	96390	4.822971e-03	3.552098e-03	70990.84	0.000000e+00	0.000000e+00	350.00	11
positions_7nt_m5	-3.9	2522	19891740	93868	4.696780e-03	3.418735e-03	68325.50	0.000000e+00	0.000000e+00	350.00	12
positions_7nt_m5	-3.8	2531	19894271	91337	4.570139e-03	3.301238e-03	65977.24	0.000000e+00	0.000000e+00	350.00	13
positions_7nt_m5	-3.7	2386	19896657	88951	4.450753e-03	3.187267e-03	63699.46	0.000000e+00	0.000000e+00	350.00	14
positions_7nt_m5	-3.6	2320	19898977	86631	4.334669e-03	3.087558e-03	61706.73	0.000000e+00	0.000000e+00	350.00	15
positions_7nt_m5	-3.5	2288	19901265	84343	4.220187e-03	2.980186e-03	59560.82	0.000000e+00	0.000000e+00	350.00	16
positions_7nt_m5	-3.4	2260	19903525	82083	4.107106e-03	2.865925e-03	57277.24	0.000000e+00	0.000000e+00	350.00	17
positions_7nt_m5	-3.3	2251	19905776	79832	3.994475e-03	2.765604e-03	55272.27	0.000000e+00	0.000000e+00	350.00	18
positions_7nt_m5	-3.2	2054	19907830	77778	3.891701e-03	2.677766e-03	53516.78	0.000000e+00	0.000000e+00	350.00	19
positions_7nt_m5	-3.1	1995	19909825	75783	3.791879e-03	2.582911e-03	51621.04	0.000000e+00	0.000000e+00	350.00	20
positions_7nt_m5	-3.0	2046	19911871	73737	3.689505e-03	2.491145e-03	49787.05	0.000000e+00	0.000000e+00	350.00	21
positions_7nt_m5	-2.9	1998	19913869	71739	3.589533e-03	2.393435e-03	47834.26	0.000000e+00	0.000000e+00	350.00	22
positions_7nt_m5	-2.8	1982	19915851	69757	3.490362e-03	2.307668e-03	46120.15	0.000000e+00	0.000000e+00	350.00	23
positions_7nt_m5	-2.7	1807	19917658	67950	3.399947e-03	2.224529e-03	44458.56	0.000000e+00	0.000000e+00	350.00	24
positions_7nt_m5	-2.6	1848	19919506	66102	3.307480e-03	2.151958e-03	43008.18	0.000000e+00	0.000000e+00	350.00	25
positions_7nt_m5	-2.5	1814	19921320	64288	3.216715e-03	2.074045e-03	41451.05	0.000000e+00	0.000000e+00	350.00	26
positions_7nt_m5	-2.4	1715	19923035	62573	3.130903e-03	1.991300e-03	39797.33	0.000000e+00	0.000000e+00	350.00	27
positions_7nt_m5	-2.3	1661	19924696	60912	3.047793e-03	1.918600e-03	38344.39	0.000000e+00	0.000000e+00	350.00	28
positions_7nt_m5	-2.2	1610	19926306	59302	2.967235e-03	1.855089e-03	37075.07	0.000000e+00	0.000000e+00	350.00	29
positions_7nt_m5	-2.1	1662	19927968	57640	2.884076e-03	1.786822e-03	35710.73	0.000000e+00	0.000000e+00	350.00	30
positions_7nt_m5	-2.0	1524	19929492	56116	2.807821e-03	1.720892e-03	34393.07	0.000000e+00	0.000000e+00	350.00	31
positions_7nt_m5	-1.9	1525	19931017	54591	2.731516e-03	1.657114e-03	33118.43	0.000000e+00	0.000000e+00	350.00	32
positions_7nt_m5	-1.8	1519	19932536	53072	2.655511e-03	1.589308e-03	31763.28	0.000000e+00	0.000000e+00	350.00	33
positions_7nt_m5	-1.7	1448	19933984	51624	2.583059e-03	1.530078e-03	30579.53	0.000000e+00	0.000000e+00	350.00	34
positions_7nt_m5	-1.6	1342	19935326	50282	2.515911e-03	1.478302e-03	29544.76	0.000000e+00	0.000000e+00	350.00	35
positions_7nt_m5	-1.5	1288	19936614	48994	2.451464e-03	1.417024e-03	28320.08	0.000000e+00	0.000000e+00	350.00	36
positions_7nt_m5	-1.4	1303	19937917	47691	2.386267e-03	1.368547e-03	27351.25	0.000000e+00	0.000000e+00	350.00	37
positions_7nt_m5	-1.3	1247	19939164	46444	2.323872e-03	1.311226e-03	26205.64	0.000000e+00	0.000000e+00	350.00	38
positions_7nt_m5	-1.2	1220	19940384	45224	2.262828e-03	1.266000e-03	25301.78	0.000000e+00	0.000000e+00	350.00	39
positions_7nt_m5	-1.1	1104	19941488	44120	2.207589e-03	1.217253e-03	24327.54	0.000000e+00	0.000000e+00	350.00	40
positions_7nt_m5	-1.0	1163	19942651	42957	2.149397e-03	1.165608e-03	23295.38	0.000000e+00	0.000000e+00	350.00	41
positions_7nt_m5	-0.9	1131	19943782	41826	2.092806e-03	1.124673e-03	22477.26	0.000000e+00	0.000000e+00	350.00	42
positions_7nt_m5	-0.8	1127	19944909	40699	2.036416e-03	1.080751e-03	21599.47	0.000000e+00	0.000000e+00	350.00	43
positions_7nt_m5	-0.7	1119	19946028	39580	1.980425e-03	1.033852e-03	20662.16	0.000000e+00	0.000000e+00	350.00	44
positions_7nt_m5	-0.6	1077	19947105	38503	1.926536e-03	9.928933e-04	19843.58	0.000000e+00	0.000000e+00	350.00	45
positions_7nt_m5	-0.5	1107	19948212	37396	1.871147e-03	9.532316e-04	19050.91	0.000000e+00	0.000000e+00	350.00	46
positions_7nt_m5	-0.4	1003	19949215	36393	1.820960e-03	9.151166e-04	18289.16	0.000000e+00	0.000000e+00	350.00	47
positions_7nt_m5	-0.3	963	19950178	35430	1.772776e-03	8.818567e-04	17624.44	0.000000e+00	0.000000e+00	350.00	48
positions_7nt_m5	-0.2	918	19951096	34512	1.726843e-03	8.460734e-04	16909.29	0.000000e+00	0.000000e+00	350.00	49
positions_7nt_m5	-0.1	943	19952039	33569	1.679659e-03	8.114618e-04	16217.56	0.000000e+00	0.000000e+00	350.00	50
positions_7nt_m5	0.0	936	19952975	32633	1.632825e-03	7.750713e-04	15490.27	0.000000e+00	0.000000e+00	350.00	51
positions_7nt_m5	0.1	873	19953848	31760	1.589144e-03	7.463639e-04	14916.54	0.000000e+00	0.000000e+00	350.00	52
positions_7nt_m5	0.2	811	19954659	30949	1.548564e-03	7.127180e-04	14244.10	0.000000e+00	0.000000e+00	350.00	53
positions_7nt_m5	0.3	796	19955455	30153	1.508736e-03	6.832961e-04	13656.09	0.000000e+00	0.000000e+00	350.00	54
positions_7nt_m5	0.4	821	19956276	29332	1.467656e-03	6.549367e-04	13089.31	0.000000e+00	0.000000e+00	350.00	55
positions_7nt_m5	0.5	758	19957034	28574	1.429729e-03	6.303253e-04	12597.43	0.000000e+00	0.000000e+00	350.00	56
positions_7nt_m5	0.6	777	19957811	27797	1.390851e-03	6.041230e-04	12073.77	0.000000e+00	0.000000e+00	350.00	57
positions_7nt_m5	0.7	756	19958567	27041	1.353024e-03	5.790708e-04	11573.08	0.000000e+00	0.000000e+00	350.00	58
positions_7nt_m5	0.8	710	19959277	26331	1.317498e-03	5.549214e-04	11090.44	0.000000e+00	0.000000e+00	350.00	59
positions_7nt_m5	0.9	716	19959993	25615	1.281672e-03	5.294578e-04	10581.54	0.000000e+00	0.000000e+00	350.00	60
positions_7nt_m5	1.0	652	19960645	24963	1.249049e-03	5.072917e-04	10138.53	0.000000e+00	0.000000e+00	350.00	61
positions_7nt_m5	1.1	675	19961320	24288	1.215275e-03	4.880570e-04	9754.11	0.000000e+00	0.000000e+00	350.00	62
positions_7nt_m5	1.2	684	19962004	23604	1.181050e-03	4.654760e-04	9302.82	0.000000e+00	0.000000e+00	350.00	63
positions_7nt_m5	1.3	634	19962638	22970	1.149327e-03	4.457356e-04	8908.30	0.000000e+00	0.000000e+00	350.00	64
positions_7nt_m5	1.4	649	19963287	22321	1.116854e-03	4.286089e-04	8566.01	0.000000e+00	0.000000e+00	350.00	65
positions_7nt_m5	1.5	685	19963972	21636	1.082579e-03	4.084695e-04	8163.51	0.000000e+00	0.000000e+00	350.00	66
positions_7nt_m5	1.6	627	19964599	21009	1.051207e-03	3.925717e-04	7845.78	0.000000e+00	0.000000e+00	350.00	67
positions_7nt_m5	1.7	547	19965146	20462	1.023837e-03	3.739663e-04	7473.94	0.000000e+00	0.000000e+00	350.00	68
positions_7nt_m5	1.8	543	19965689	19919	9.966673e-04	3.592558e-04	7179.95	0.000000e+00	0.000000e+00	350.00	69
positions_7nt_m5	1.9	567	19966256	19352	9.682968e-04	3.434754e-04	6864.56	0.000000e+00	0.000000e+00	350.00	70
positions_7nt_m5	2.0	620	19966876	18732	9.372745e-04	3.267358e-04	6530.01	0.000000e+00	0.000000e+00	350.00	71
positions_7nt_m5	2.1	516	19967392	18216	9.114559e-04	3.121330e-04	6238.17	0.000000e+00	0.000000e+00	350.00	72
positions_7nt_m5	2.2	469	19967861	17747	8.879890e-04	2.980845e-04	5957.40	0.000000e+00	0.000000e+00	350.00	73
positions_7nt_m5	2.3	484	19968345	17263	8.637716e-04	2.846234e-04	5688.37	0.000000e+00	0.000000e+00	350.00	74
positions_7nt_m5	2.4	551	19968896	16712	8.362018e-04	2.728756e-04	5453.58	0.000000e+00	0.000000e+00	350.00	75
positions_7nt_m5	2.5	457	19969353	16255	8.133353e-04	2.603716e-04	5203.68	0.000000e+00	0.000000e+00	350.00	76
positions_7nt_m5	2.6	472	19969825	15783	7.897183e-04	2.471333e-04	4939.11	0.000000e+00	0.000000e+00	350.00	77
positions_7nt_m5	2.7	399	19970224	15384	7.697540e-04	2.355803e-04	4708.22	0.000000e+00	0.000000e+00	350.00	78
positions_7nt_m5	2.8	456	19970680	14928	7.469375e-04	2.256792e-04	4510.34	0.000000e+00	0.000000e+00	350.00	79
positions_7nt_m5	2.9	409	19971089	14519	7.264728e-04	2.151282e-04	4299.47	0.000000e+00	0.000000e+00	350.00	80
positions_7nt_m5	3.0	415	19971504	14104	7.057079e-04	2.050136e-04	4097.32	0.000000e+00	0.000000e+00	350.00	81
positions_7nt_m5	3.1	392	19971896	13712	6.860937e-04	1.944044e-04	3885.29	0.000000e+00	0.000000e+00	350.00	82
positions_7nt_m5	3.2	419	19972315	13293	6.651287e-04	1.852135e-04	3701.60	0.000000e+00	0.000000e+00	350.00	83
positions_7nt_m5	3.3	389	19972704	12904	6.456647e-04	1.764154e-04	3525.77	0.000000e+00	0.000000e+00	350.00	84
positions_7nt_m5	3.4	336	19973040	12568	6.288526e-04	1.688453e-04	3374.48	0.000000e+00	0.000000e+00	350.00	85
positions_7nt_m5	3.5	384	19973424	12184	6.096387e-04	1.608225e-04	3214.14	0.000000e+00	0.000000e+00	350.00	86
positions_7nt_m5	3.6	334	19973758	11850	5.929267e-04	1.523881e-04	3045.57	0.000000e+00	0.000000e+00	350.00	87
positions_7nt_m5	3.7	373	19974131	11477	5.742633e-04	1.451100e-04	2900.11	0.000000e+00	0.000000e+00	350.00	88
positions_7nt_m5	3.8	335	19974466	11142	5.575012e-04	1.387816e-04	2773.63	0.000000e+00	0.000000e+00	350.00	89
positions_7nt_m5	3.9	307	19974773	10835	5.421402e-04	1.320580e-04	2639.26	0.000000e+00	0.000000e+00	350.00	90
positions_7nt_m5	4.0	365	19975138	10470	5.238770e-04	1.256176e-04	2510.54	0.000000e+00	0.000000e+00	350.00	91
positions_7nt_m5	4.1	333	19975471	10137	5.072150e-04	1.188729e-04	2375.75	0.000000e+00	0.000000e+00	350.00	92
positions_7nt_m5	4.2	299	19975770	9838	4.922543e-04	1.136762e-04	2271.89	0.000000e+00	0.000000e+00	350.00	93
positions_7nt_m5	4.3	296	19976066	9542	4.774436e-04	1.075354e-04	2149.16	0.000000e+00	0.000000e+00	350.00	94
positions_7nt_m5	4.4	311	19976377	9231	4.618824e-04	1.021948e-04	2042.43	0.000000e+00	0.000000e+00	350.00	95
positions_7nt_m5	4.5	324	19976701	8907	4.456707e-04	9.763669e-05	1951.33	0.000000e+00	0.000000e+00	350.00	96
positions_7nt_m5	4.6	301	19977002	8606	4.306099e-04	9.228988e-05	1844.47	0.000000e+00	0.000000e+00	350.00	97
positions_7nt_m5	4.7	333	19977335	8273	4.139479e-04	8.811017e-05	1760.94	0.000000e+00	0.000000e+00	350.00	98
positions_7nt_m5	4.8	247	19977582	8026	4.015890e-04	8.367671e-05	1672.33	0.000000e+00	0.000000e+00	350.00	99
positions_7nt_m5	4.9	255	19977837	7771	3.888298e-04	7.905896e-05	1580.04	0.000000e+00	0.000000e+00	350.00	100
positions_7nt_m5	5.0	266	19978103	7505	3.755202e-04	7.545966e-05	1508.11	0.000000e+00	0.000000e+00	350.00	101
positions_7nt_m5	5.1	241	19978344	7264	3.634616e-04	7.122599e-05	1423.49	0.000000e+00	0.000000e+00	350.00	102
positions_7nt_m5	5.2	230	19978574	7034	3.519533e-04	6.791644e-05	1357.35	0.000000e+00	0.000000e+00	350.00	103
positions_7nt_m5	5.3	231	19978805	6803	3.403950e-04	6.410342e-05	1281.15	0.000000e+00	0.000000e+00	350.00	104
positions_7nt_m5	5.4	245	19979050	6558	3.281361e-04	6.074754e-05	1214.08	0.000000e+00	0.000000e+00	350.00	105
positions_7nt_m5	5.5	220	19979270	6338	3.171282e-04	5.793030e-05	1157.77	0.000000e+00	0.000000e+00	350.00	106
positions_7nt_m5	5.6	218	19979488	6120	3.062204e-04	5.455741e-05	1090.36	0.000000e+00	0.000000e+00	350.00	107
positions_7nt_m5	5.7	206	19979694	5914	2.959130e-04	5.199077e-05	1039.07	0.000000e+00	0.000000e+00	350.00	108
positions_7nt_m5	5.8	181	19979875	5733	2.868564e-04	4.921310e-05	983.55	0.000000e+00	0.000000e+00	350.00	109
positions_7nt_m5	5.9	201	19980076	5532	2.767992e-04	4.632555e-05	925.84	0.000000e+00	0.000000e+00	350.00	110
positions_7nt_m5	6.0	186	19980262	5346	2.674925e-04	4.405646e-05	880.50	0.000000e+00	0.000000e+00	350.00	111
positions_7nt_m5	6.1	159	19980421	5187	2.595368e-04	4.140516e-05	827.51	0.000000e+00	0.000000e+00	350.00	112
positions_7nt_m5	6.2	183	19980604	5004	2.503802e-04	3.931932e-05	785.82	0.000000e+00	0.000000e+00	350.00	113
positions_7nt_m5	6.3	169	19980773	4835	2.419241e-04	3.692380e-05	737.94	0.000000e+00	0.000000e+00	350.00	114
positions_7nt_m5	6.4	237	19981010	4598	2.300656e-04	3.485648e-05	696.63	0.000000e+00	0.000000e+00	350.00	115
positions_7nt_m5	6.5	162	19981172	4436	2.219597e-04	3.306573e-05	660.84	0.000000e+00	0.000000e+00	350.00	116
positions_7nt_m5	6.6	172	19981344	4264	2.133535e-04	3.093290e-05	618.21	0.000000e+00	0.000000e+00	350.00	117
positions_7nt_m5	6.7	157	19981501	4107	2.054979e-04	2.929918e-05	585.56	0.000000e+00	0.000000e+00	350.00	118
positions_7nt_m5	6.8	149	19981650	3958	1.980425e-04	2.757997e-05	551.20	0.000000e+00	0.000000e+00	350.00	119
positions_7nt_m5	6.9	140	19981790	3818	1.910375e-04	2.580909e-05	515.81	0.000000e+00	0.000000e+00	350.00	120
positions_7nt_m5	7.0	136	19981926	3682	1.842326e-04	2.443905e-05	488.43	0.000000e+00	0.000000e+00	350.00	121
positions_7nt_m5	7.1	135	19982061	3547	1.774777e-04	2.285565e-05	456.78	0.000000e+00	0.000000e+00	350.00	122
positions_7nt_m5	7.2	114	19982175	3433	1.717736e-04	2.163535e-05	432.40	0.000000e+00	0.000000e+00	350.00	123
positions_7nt_m5	7.3	135	19982310	3298	1.650188e-04	2.023535e-05	404.42	0.000000e+00	0.000000e+00	350.00	124
positions_7nt_m5	7.4	128	19982438	3170	1.586141e-04	1.905747e-05	380.88	0.000000e+00	0.000000e+00	350.00	125
positions_7nt_m5	7.5	115	19982553	3055	1.528600e-04	1.805994e-05	360.94	0.000000e+00	0.000000e+00	350.00	126
positions_7nt_m5	7.6	120	19982673	2935	1.468557e-04	1.693607e-05	338.48	0.000000e+00	0.000000e+00	350.00	127
positions_7nt_m5	7.7	103	19982776	2832	1.417020e-04	1.607084e-05	321.19	0.000000e+00	0.000000e+00	350.00	128
positions_7nt_m5	7.8	108	19982884	2724	1.362981e-04	1.516329e-05	303.05	0.000000e+00	0.000000e+00	350.00	129
positions_7nt_m5	7.9	101	19982985	2623	1.312445e-04	1.421305e-05	284.06	0.000000e+00	0.000000e+00	350.00	130
positions_7nt_m5	8.0	112	19983097	2511	1.256404e-04	1.349040e-05	269.61	0.000000e+00	0.000000e+00	350.00	131
positions_7nt_m5	8.1	124	19983221	2387	1.194360e-04	1.272369e-05	254.29	0.000000e+00	0.000000e+00	350.00	132
positions_7nt_m5	8.2	113	19983334	2274	1.137819e-04	1.198760e-05	239.58	0.000000e+00	0.000000e+00	350.00	133
positions_7nt_m5	8.3	101	19983435	2173	1.087282e-04	1.122488e-05	224.34	0.000000e+00	0.000000e+00	350.00	134
positions_7nt_m5	8.4	96	19983531	2077	1.039248e-04	1.058050e-05	211.46	0.000000e+00	0.000000e+00	350.00	135
positions_7nt_m5	8.5	104	19983635	1973	9.872104e-05	9.962503e-06	199.11	0.000000e+00	0.000000e+00	350.00	136
positions_7nt_m5	8.6	84	19983719	1889	9.451802e-05	9.419946e-06	188.26	0.000000e+00	0.000000e+00	350.00	137
positions_7nt_m5	8.7	84	19983803	1805	9.031500e-05	8.832658e-06	176.53	0.000000e+00	0.000000e+00	350.00	138
positions_7nt_m5	8.8	95	19983898	1710	8.556157e-05	8.283362e-06	165.55	0.000000e+00	0.000000e+00	350.00	139
positions_7nt_m5	8.9	100	19983998	1610	8.055797e-05	7.691896e-06	153.73	0.000000e+00	0.000000e+00	350.00	140
positions_7nt_m5	9.0	95	19984093	1515	7.580455e-05	7.182955e-06	143.56	0.000000e+00	0.000000e+00	350.00	141
positions_7nt_m5	9.1	59	19984152	1456	7.285243e-05	6.745198e-06	134.81	0.000000e+00	0.000000e+00	350.00	142
positions_7nt_m5	9.2	65	19984217	1391	6.960009e-05	6.296926e-06	125.85	0.000000e+00	0.000000e+00	350.00	143
positions_7nt_m5	9.3	78	19984295	1313	6.569728e-05	5.816054e-06	116.24	0.000000e+00	0.000000e+00	350.00	144
positions_7nt_m5	9.4	46	19984341	1267	6.339562e-05	5.401416e-06	107.95	0.000000e+00	0.000000e+00	350.00	145
positions_7nt_m5	9.5	57	19984398	1210	6.054357e-05	5.015797e-06	100.24	0.000000e+00	0.000000e+00	350.00	146
positions_7nt_m5	9.6	64	19984462	1146	5.734127e-05	4.688362e-06	93.70	0.000000e+00	0.000000e+00	350.00	147
positions_7nt_m5	9.7	54	19984516	1092	5.463932e-05	4.346950e-06	86.88	0.000000e+00	0.000000e+00	350.00	148
positions_7nt_m5	9.8	43	19984559	1049	5.248777e-05	4.037455e-06	80.69	0.000000e+00	0.000000e+00	350.00	149
positions_7nt_m5	9.9	66	19984625	983	4.918540e-05	3.728966e-06	74.53	0.000000e+00	0.000000e+00	350.00	150
positions_7nt_m5	10.0	54	19984679	929	4.648345e-05	3.464240e-06	69.23	0.000000e+00	0.000000e+00	350.00	151
positions_7nt_m5	10.1	53	19984732	876	4.383154e-05	3.236729e-06	64.69	0.000000e+00	0.000000e+00	350.00	152
positions_7nt_m5	10.2	26	19984758	850	4.253061e-05	3.008739e-06	60.13	0.000000e+00	0.000000e+00	350.00	153
positions_7nt_m5	10.3	54	19984812	796	3.982866e-05	2.783061e-06	55.62	0.000000e+00	0.000000e+00	350.00	154
positions_7nt_m5	10.4	29	19984841	767	3.837762e-05	2.596183e-06	51.89	0.000000e+00	0.000000e+00	350.00	155
positions_7nt_m5	10.5	40	19984881	727	3.637618e-05	2.415653e-06	48.28	0.000000e+00	0.000000e+00	350.00	156
positions_7nt_m5	10.6	41	19984922	686	3.432470e-05	2.261488e-06	45.20	0.000000e+00	0.000000e+00	350.00	157
positions_7nt_m5	10.7	37	19984959	649	3.247337e-05	2.104242e-06	42.05	0.000000e+00	0.000000e+00	350.00	158
positions_7nt_m5	10.8	37	19984996	612	3.062204e-05	1.948326e-06	38.94	0.000000e+00	0.000000e+00	350.00	159
positions_7nt_m5	10.9	29	19985025	583	2.917099e-05	1.798597e-06	35.95	0.000000e+00	0.000000e+00	350.00	160
positions_7nt_m5	11.0	33	19985058	550	2.751980e-05	1.673993e-06	33.46	0.000000e+00	0.000000e+00	350.00	161
positions_7nt_m5	11.1	30	19985088	520	2.601872e-05	1.563991e-06	31.26	0.000000e+00	0.000000e+00	350.00	162
positions_7nt_m5	11.2	37	19985125	483	2.416739e-05	1.461098e-06	29.20	0.000000e+00	0.000000e+00	350.00	163
positions_7nt_m5	11.3	30	19985155	453	2.266631e-05	1.340255e-06	26.79	0.000000e+00	0.000000e+00	350.00	164
positions_7nt_m5	11.4	25	19985180	428	2.141541e-05	1.243198e-06	24.85	0.000000e+00	0.000000e+00	350.00	165
positions_7nt_m5	11.5	30	19985210	398	1.991433e-05	1.154899e-06	23.08	0.000000e+00	0.000000e+00	350.00	166
positions_7nt_m5	11.6	52	19985262	346	1.731246e-05	1.078380e-06	21.55	1.351674e-278	2.811482e-276	275.55	167
positions_7nt_m5	11.7	19	19985281	327	1.636177e-05	9.967090e-07	19.92	2.199084e-266	4.574094e-264	263.34	168
positions_7nt_m5	11.8	20	19985301	307	1.536105e-05	9.235160e-07	18.46	7.177256e-252	1.492869e-249	248.83	169
positions_7nt_m5	11.9	20	19985321	287	1.436033e-05	8.465132e-07	16.92	6.562791e-238	1.365061e-235	234.86	170
positions_7nt_m5	12.0	12	19985333	275	1.375990e-05	7.902161e-07	15.79	5.483391e-231	1.140545e-228	227.94	171
positions_7nt_m5	12.1	14	19985347	261	1.305940e-05	7.361410e-07	14.71	2.507206e-221	5.214988e-219	218.28	172
positions_7nt_m5	12.2	18	19985365	243	1.215875e-05	6.828084e-07	13.65	1.399634e-206	2.911238e-204	203.54	173
positions_7nt_m5	12.3	22	19985387	221	1.105796e-05	6.256015e-07	12.50	2.147751e-187	4.467322e-185	184.35	174
positions_7nt_m5	12.4	7	19985394	214	1.070771e-05	5.792000e-07	11.58	1.824578e-185	3.795122e-183	182.42	175
positions_7nt_m5	12.5	14	19985408	200	1.000720e-05	5.356396e-07	10.71	2.485035e-174	5.168873e-172	171.29	176
positions_7nt_m5	12.6	10	19985418	190	9.506842e-06	4.981636e-07	9.96	2.239229e-167	4.657596e-165	164.33	177
positions_7nt_m5	12.7	16	19985434	174	8.706265e-06	4.578993e-07	9.15	3.463473e-153	7.204023e-151	150.14	178
positions_7nt_m5	12.8	12	19985446	162	8.105833e-06	4.182666e-07	8.36	4.943332e-144	1.028213e-141	140.99	179
positions_7nt_m5	12.9	15	19985461	147	7.355293e-06	3.760179e-07	7.51	1.916275e-131	3.985852e-129	128.40	180
positions_7nt_m5	13.0	14	19985475	133	6.654789e-06	3.411353e-07	6.82	5.805337e-119	1.207510e-116	115.92	181
positions_7nt_m5	13.1	12	19985487	121	6.054357e-06	3.105246e-07	6.21	2.236228e-108	4.651354e-106	105.33	182
positions_7nt_m5	13.2	13	19985500	108	5.403889e-06	2.811519e-07	5.62	2.651950e-96	5.516057e-94	93.26	183
positions_7nt_m5	13.3	10	19985510	98	4.903529e-06	2.464283e-07	4.93	5.817761e-89	1.210094e-86	85.92	184
positions_7nt_m5	13.4	8	19985518	90	4.503241e-06	2.195137e-07	4.39	5.498410e-83	1.143669e-80	79.94	185
positions_7nt_m5	13.5	9	19985527	81	4.052917e-06	1.916999e-07	3.83	6.983565e-76	1.452582e-73	72.84	186
positions_7nt_m5	13.6	7	19985534	74	3.702665e-06	1.684810e-07	3.37	1.137178e-70	2.365330e-68	67.63	187
positions_7nt_m5	13.7	3	19985537	71	3.552557e-06	1.478208e-07	2.95	1.612892e-70	3.354816e-68	67.47	188
positions_7nt_m5	13.8	8	19985545	63	3.152269e-06	1.296171e-07	2.59	4.350626e-63	9.049302e-61	60.04	189
positions_7nt_m5	13.9	11	19985556	52	2.601872e-06	1.144456e-07	2.29	6.361667e-51	1.323227e-48	47.88	190
positions_7nt_m5	14.0	6	19985562	46	2.301656e-06	1.020410e-07	2.04	4.262070e-45	8.865105e-43	42.05	191
positions_7nt_m5	14.1	5	19985567	41	2.051476e-06	9.231124e-08	1.84	3.968842e-40	8.255191e-38	37.08	192
positions_7nt_m5	14.2	4	19985571	37	1.851332e-06	8.279246e-08	1.65	1.795371e-36	3.734373e-34	33.43	193
positions_7nt_m5	14.3	3	19985574	34	1.701224e-06	7.571977e-08	1.51	1.021602e-33	2.124931e-31	30.67	194
positions_7nt_m5	14.4	5	19985579	29	1.451044e-06	6.934376e-08	1.39	3.820322e-28	7.946270e-26	25.10	195
positions_7nt_m5	14.5	3	19985582	26	1.300936e-06	6.532789e-08	1.31	7.245249e-25	1.507012e-22	21.82	196
positions_7nt_m5	14.6	3	19985585	23	1.150828e-06	6.197333e-08	1.24	1.620932e-21	3.371539e-19	18.47	197
positions_7nt_m5	14.7	2	19985587	21	1.050756e-06	5.834803e-08	1.17	1.623381e-19	3.376632e-17	16.47	198
positions_7nt_m5	14.8	2	19985589	19	9.506842e-07	5.441734e-08	1.09	1.443554e-17	3.002592e-15	14.52	199
positions_7nt_m5	15.0	6	19985595	13	6.504681e-07	4.860991e-08	0.97	4.483587e-11	9.325862e-09	8.03	200
positions_7nt_m5	15.3	1	19985596	12	6.004321e-07	3.965630e-08	0.79	6.180214e-11	1.285485e-08	7.89	201
positions_7nt_m5	15.4	2	19985598	10	5.003601e-07	3.638793e-08	0.73	5.897622e-09	1.226705e-06	5.91	202
positions_7nt_m5	15.5	2	19985600	8	4.002881e-07	3.382624e-08	0.68	5.946784e-07	1.236931e-04	3.91	203
positions_7nt_m5	15.8	1	19985601	7	3.502521e-07	2.172248e-08	0.43	3.949021e-07	8.213964e-05	4.09	204
positions_7nt_m5	15.9	3	19985604	4	2.001440e-07	1.805434e-08	0.36	5.301398e-04	1.102691e-01	0.96	205
positions_7nt_m5	16.0	1	19985605	3	1.501080e-07	1.550722e-08	0.31	3.939583e-03	8.194333e-01	0.09	206
positions_7nt_m5	16.2	2	19985607	1	5.003601e-08	9.723448e-09	0.19	1.766130e-01	3.673551e+01	-1.57	207
positions_7nt_m5	16.5	1	19985608	0	0.000000e+00	3.695747e-09	0.07	1.000000e+00	2.080000e+02	-2.32	208
; Number of sequences scanned	43038
; Sum of sequence lengths	10681503
; N residues           	63
; Matches per matrix
;	matrix	name            	matches	scored
;	1	positions_7nt_m5	19985607	19985607
;		TOTAL          	19985607	19985607
; Host name	rsat
; Job started	2014-09-03.191649
; Job done	2014-09-03.191707
; Seconds	8.55
;	user	8.55
;	system	0.04
;	cuser	0.56
;	csystem	0.03
