; matrix-scan  -v 1 -quick -seq_format fasta -i $RSAT/public_html/tmp/wwwrun/2014/09/03/peak-motifs.2014-09-03.182940_2014-09-03.182940_LkVj4M/data/sequences/peak-motifs_test_maxlen400.fasta -matrix_format transfac -m $RSAT/public_html/tmp/wwwrun/2014/09/03/peak-motifs.2014-09-03.182940_2014-09-03.182940_LkVj4M/results/discovered_motifs/positions_6nt_m1/peak-motifs_positions_6nt_m1.tf -pseudo 1 -2str -decimals 1 -bg_pseudo 0.01 -n score -lth score -5 -bginput -markov 1 -return distrib -return occ_proba -o $RSAT/public_html/tmp/wwwrun/2014/09/03/peak-motifs.2014-09-03.182940_2014-09-03.182940_LkVj4M/results/discovered_motifs/positions_6nt_m1/peak-motifs_positions_6nt_m1_scan_mkv1_enrichment.tab
; Quick counting mode          
; Input files
;	input	/home/rsat/rsat/public_html/tmp/wwwrun/2014/09/03/peak-motifs.2014-09-03.182940_2014-09-03.182940_LkVj4M/data/sequences/peak-motifs_test_maxlen400.fasta
; Matrix files
;	matrix 1	/home/rsat/rsat/public_html/tmp/wwwrun/2014/09/03/peak-motifs.2014-09-03.182940_2014-09-03.182940_LkVj4M/results/discovered_motifs/positions_6nt_m1/peak-motifs_positions_6nt_m1.tf
; Sequence format      	fasta
; Output files
;	output	/home/rsat/rsat/public_html/tmp/wwwrun/2014/09/03/peak-motifs.2014-09-03.182940_2014-09-03.182940_LkVj4M/results/discovered_motifs/positions_6nt_m1/peak-motifs_positions_6nt_m1_scan_mkv1_enrichment.tab
; Pseudo counts        	1
; Background model
;	Method        	input
;	Markov order  	1
;	Strand        	undef
;	Background pseudo-frequency	0.01
;	Residue probabilities
;		a	0.28671
;		c	0.21298
;		g	0.21277
;		t	0.28754
; Thresholds	lower	upper
;	score 	-5   	NA
;
; Matrices
;	matrix	name            	ncol	nrow	pseudo	Wmin	Wmax	Wrange
;	1	positions_6nt_m1	15	4	1	-45.600	16.300	61.900	a:0.287 c:0.213 g:0.213 t:0.288 
;
; Score distribution
#matrix	score	occ	occ_cum	inv_cum	inv_cum_freq	occ_prior	exp_occ	occ_Pval	occ_Eval	occ_sig	occ_sig_rank
positions_6nt_m1	-5.0	10394	19838823	318937	1.582205e-02	1.385333e-02	279252.15	0.000000e+00	0.000000e+00	350.00	1
positions_6nt_m1	-4.9	9257	19848080	309680	1.536282e-02	1.333793e-02	268862.83	0.000000e+00	0.000000e+00	350.00	2
positions_6nt_m1	-4.8	8942	19857022	300738	1.491922e-02	1.292904e-02	260620.45	0.000000e+00	0.000000e+00	350.00	3
positions_6nt_m1	-4.7	8922	19865944	291816	1.447661e-02	1.244354e-02	250833.88	0.000000e+00	0.000000e+00	350.00	4
positions_6nt_m1	-4.6	8795	19874739	283021	1.404030e-02	1.201547e-02	242204.90	0.000000e+00	0.000000e+00	350.00	5
positions_6nt_m1	-4.5	8399	19883138	274622	1.362364e-02	1.164051e-02	234646.67	0.000000e+00	0.000000e+00	350.00	6
positions_6nt_m1	-4.4	8168	19891306	266454	1.321843e-02	1.119680e-02	225702.41	0.000000e+00	0.000000e+00	350.00	7
positions_6nt_m1	-4.3	7719	19899025	258735	1.283550e-02	1.084415e-02	218593.67	0.000000e+00	0.000000e+00	350.00	8
positions_6nt_m1	-4.2	7769	19906794	250966	1.245009e-02	1.046454e-02	210941.73	0.000000e+00	0.000000e+00	350.00	9
positions_6nt_m1	-4.1	7434	19914228	243532	1.208130e-02	1.006023e-02	202791.64	0.000000e+00	0.000000e+00	350.00	10
positions_6nt_m1	-4.0	7160	19921388	236372	1.172611e-02	9.738706e-03	196310.48	0.000000e+00	0.000000e+00	350.00	11
positions_6nt_m1	-3.9	7303	19928691	229069	1.136381e-02	9.358129e-03	188638.91	0.000000e+00	0.000000e+00	350.00	12
positions_6nt_m1	-3.8	6887	19935578	222182	1.102216e-02	9.023486e-03	181893.26	0.000000e+00	0.000000e+00	350.00	13
positions_6nt_m1	-3.7	6684	19942262	215498	1.069057e-02	8.700546e-03	175383.51	0.000000e+00	0.000000e+00	350.00	14
positions_6nt_m1	-3.6	6613	19948875	208885	1.036251e-02	8.417619e-03	169680.33	0.000000e+00	0.000000e+00	350.00	15
positions_6nt_m1	-3.5	6299	19955174	202586	1.005003e-02	8.112052e-03	163520.79	0.000000e+00	0.000000e+00	350.00	16
positions_6nt_m1	-3.4	6134	19961308	196452	9.745726e-03	7.785966e-03	156947.63	0.000000e+00	0.000000e+00	350.00	17
positions_6nt_m1	-3.3	5901	19967209	190551	9.452985e-03	7.501622e-03	151215.90	0.000000e+00	0.000000e+00	350.00	18
positions_6nt_m1	-3.2	5665	19972874	184886	9.171952e-03	7.253653e-03	146217.38	0.000000e+00	0.000000e+00	350.00	19
positions_6nt_m1	-3.1	5633	19978507	179253	8.892506e-03	6.985845e-03	140818.98	0.000000e+00	0.000000e+00	350.00	20
positions_6nt_m1	-3.0	5535	19984042	173718	8.617922e-03	6.725906e-03	135579.19	0.000000e+00	0.000000e+00	350.00	21
positions_6nt_m1	-2.9	5392	19989434	168326	8.350432e-03	6.449420e-03	130005.85	0.000000e+00	0.000000e+00	350.00	22
positions_6nt_m1	-2.8	5206	19994640	163120	8.092169e-03	6.208070e-03	125140.79	0.000000e+00	0.000000e+00	350.00	23
positions_6nt_m1	-2.7	5129	19999769	157991	7.837726e-03	5.974564e-03	120433.82	0.000000e+00	0.000000e+00	350.00	24
positions_6nt_m1	-2.6	4835	20004604	153156	7.597868e-03	5.771118e-03	116332.81	0.000000e+00	0.000000e+00	350.00	25
positions_6nt_m1	-2.5	4562	20009166	148594	7.371554e-03	5.550886e-03	111893.42	0.000000e+00	0.000000e+00	350.00	26
positions_6nt_m1	-2.4	4564	20013730	144030	7.145139e-03	5.317237e-03	107183.57	0.000000e+00	0.000000e+00	350.00	27
positions_6nt_m1	-2.3	4301	20018031	139729	6.931773e-03	5.112906e-03	103064.73	0.000000e+00	0.000000e+00	350.00	28
positions_6nt_m1	-2.2	4249	20022280	135480	6.720985e-03	4.935621e-03	99491.06	0.000000e+00	0.000000e+00	350.00	29
positions_6nt_m1	-2.1	4159	20026439	131321	6.514663e-03	4.744427e-03	95637.01	0.000000e+00	0.000000e+00	350.00	30
positions_6nt_m1	-2.0	3986	20030425	127335	6.316922e-03	4.559967e-03	91918.71	0.000000e+00	0.000000e+00	350.00	31
positions_6nt_m1	-1.9	3856	20034281	123479	6.125631e-03	4.380552e-03	88302.11	0.000000e+00	0.000000e+00	350.00	32
positions_6nt_m1	-1.8	3785	20038066	119694	5.937862e-03	4.191439e-03	84490.02	0.000000e+00	0.000000e+00	350.00	33
positions_6nt_m1	-1.7	3607	20041673	116087	5.758924e-03	4.026384e-03	81162.87	0.000000e+00	0.000000e+00	350.00	34
positions_6nt_m1	-1.6	3586	20045259	112501	5.581027e-03	3.883085e-03	78274.28	0.000000e+00	0.000000e+00	350.00	35
positions_6nt_m1	-1.5	3447	20048706	109054	5.410026e-03	3.712178e-03	74829.18	0.000000e+00	0.000000e+00	350.00	36
positions_6nt_m1	-1.4	3398	20052104	105656	5.241456e-03	3.576776e-03	72099.78	0.000000e+00	0.000000e+00	350.00	37
positions_6nt_m1	-1.3	3256	20055360	102400	5.079930e-03	3.419026e-03	68919.90	0.000000e+00	0.000000e+00	350.00	38
positions_6nt_m1	-1.2	3099	20058459	99301	4.926192e-03	3.294785e-03	66415.48	0.000000e+00	0.000000e+00	350.00	39
positions_6nt_m1	-1.1	3028	20061487	96273	4.775977e-03	3.161682e-03	63732.42	0.000000e+00	0.000000e+00	350.00	40
positions_6nt_m1	-1.0	2988	20064475	93285	4.627747e-03	3.019217e-03	60860.65	0.000000e+00	0.000000e+00	350.00	41
positions_6nt_m1	-0.9	2854	20067329	90431	4.486163e-03	2.907187e-03	58602.37	0.000000e+00	0.000000e+00	350.00	42
positions_6nt_m1	-0.8	2683	20070012	87748	4.353063e-03	2.787109e-03	56181.86	0.000000e+00	0.000000e+00	350.00	43
positions_6nt_m1	-0.7	2635	20072647	85113	4.222344e-03	2.660520e-03	53630.12	0.000000e+00	0.000000e+00	350.00	44
positions_6nt_m1	-0.6	2627	20075274	82486	4.092022e-03	2.549689e-03	51396.01	0.000000e+00	0.000000e+00	350.00	45
positions_6nt_m1	-0.5	2513	20077787	79973	3.967356e-03	2.442549e-03	49236.31	0.000000e+00	0.000000e+00	350.00	46
positions_6nt_m1	-0.4	2385	20080172	77588	3.849039e-03	2.339304e-03	47155.13	0.000000e+00	0.000000e+00	350.00	47
positions_6nt_m1	-0.3	2376	20082548	75212	3.731169e-03	2.250173e-03	45358.44	0.000000e+00	0.000000e+00	350.00	48
positions_6nt_m1	-0.2	2278	20084826	72934	3.618160e-03	2.154588e-03	43431.66	0.000000e+00	0.000000e+00	350.00	49
positions_6nt_m1	-0.1	2089	20086915	70845	3.514528e-03	2.062861e-03	41582.65	0.000000e+00	0.000000e+00	350.00	50
positions_6nt_m1	0.0	2177	20089092	68668	3.406529e-03	1.965674e-03	39623.58	0.000000e+00	0.000000e+00	350.00	51
positions_6nt_m1	0.1	2127	20091219	66541	3.301012e-03	1.888573e-03	38069.40	0.000000e+00	0.000000e+00	350.00	52
positions_6nt_m1	0.2	2047	20093266	64494	3.199463e-03	1.798570e-03	36255.14	0.000000e+00	0.000000e+00	350.00	53
positions_6nt_m1	0.3	2029	20095295	62465	3.098807e-03	1.720651e-03	34684.46	0.000000e+00	0.000000e+00	350.00	54
positions_6nt_m1	0.4	1965	20097260	60500	3.001326e-03	1.645345e-03	33166.48	0.000000e+00	0.000000e+00	350.00	55
positions_6nt_m1	0.5	1896	20099156	58604	2.907268e-03	1.579876e-03	31846.76	0.000000e+00	0.000000e+00	350.00	56
positions_6nt_m1	0.6	1811	20100967	56793	2.817426e-03	1.509401e-03	30426.14	0.000000e+00	0.000000e+00	350.00	57
positions_6nt_m1	0.7	1772	20102739	55021	2.729520e-03	1.442417e-03	29075.89	0.000000e+00	0.000000e+00	350.00	58
positions_6nt_m1	0.8	1658	20104397	53363	2.647268e-03	1.378667e-03	27790.84	0.000000e+00	0.000000e+00	350.00	59
positions_6nt_m1	0.9	1682	20106079	51681	2.563827e-03	1.311105e-03	26428.93	0.000000e+00	0.000000e+00	350.00	60
positions_6nt_m1	1.0	1616	20107695	50065	2.483659e-03	1.251760e-03	25232.68	0.000000e+00	0.000000e+00	350.00	61
positions_6nt_m1	1.1	1592	20109287	48473	2.404682e-03	1.200576e-03	24200.93	0.000000e+00	0.000000e+00	350.00	62
positions_6nt_m1	1.2	1489	20110776	46984	2.330815e-03	1.140600e-03	22991.94	0.000000e+00	0.000000e+00	350.00	63
positions_6nt_m1	1.3	1461	20112237	45523	2.258336e-03	1.088097e-03	21933.60	0.000000e+00	0.000000e+00	350.00	64
positions_6nt_m1	1.4	1515	20113752	44008	2.183179e-03	1.043299e-03	21030.58	0.000000e+00	0.000000e+00	350.00	65
positions_6nt_m1	1.5	1345	20115097	42663	2.116456e-03	9.905061e-04	19966.38	0.000000e+00	0.000000e+00	350.00	66
positions_6nt_m1	1.6	1333	20116430	41330	2.050327e-03	9.488386e-04	19126.46	0.000000e+00	0.000000e+00	350.00	67
positions_6nt_m1	1.7	1279	20117709	40051	1.986878e-03	9.005013e-04	18152.09	0.000000e+00	0.000000e+00	350.00	68
positions_6nt_m1	1.8	1172	20118881	38879	1.928736e-03	8.625243e-04	17386.56	0.000000e+00	0.000000e+00	350.00	69
positions_6nt_m1	1.9	1263	20120144	37616	1.866080e-03	8.224096e-04	16577.94	0.000000e+00	0.000000e+00	350.00	70
positions_6nt_m1	2.0	1184	20121328	36432	1.807344e-03	7.799340e-04	15721.72	0.000000e+00	0.000000e+00	350.00	71
positions_6nt_m1	2.1	1137	20122465	35295	1.750939e-03	7.423215e-04	14963.54	0.000000e+00	0.000000e+00	350.00	72
positions_6nt_m1	2.2	1074	20123539	34221	1.697659e-03	7.068147e-04	14247.80	0.000000e+00	0.000000e+00	350.00	73
positions_6nt_m1	2.3	1073	20124612	33148	1.644429e-03	6.733328e-04	13572.88	0.000000e+00	0.000000e+00	350.00	74
positions_6nt_m1	2.4	1019	20125631	32129	1.593878e-03	6.442755e-04	12987.15	0.000000e+00	0.000000e+00	350.00	75
positions_6nt_m1	2.5	1136	20126767	30993	1.537522e-03	6.128901e-04	12354.49	0.000000e+00	0.000000e+00	350.00	76
positions_6nt_m1	2.6	966	20127733	30027	1.489600e-03	5.796780e-04	11685.01	0.000000e+00	0.000000e+00	350.00	77
positions_6nt_m1	2.7	868	20128601	29159	1.446540e-03	5.512421e-04	11111.81	0.000000e+00	0.000000e+00	350.00	78
positions_6nt_m1	2.8	899	20129500	28260	1.401942e-03	5.270293e-04	10623.73	0.000000e+00	0.000000e+00	350.00	79
positions_6nt_m1	2.9	946	20130446	27314	1.355012e-03	5.014051e-04	10107.20	0.000000e+00	0.000000e+00	350.00	80
positions_6nt_m1	3.0	841	20131287	26473	1.313291e-03	4.762376e-04	9599.88	0.000000e+00	0.000000e+00	350.00	81
positions_6nt_m1	3.1	848	20132135	25625	1.271223e-03	4.496738e-04	9064.42	0.000000e+00	0.000000e+00	350.00	82
positions_6nt_m1	3.2	834	20132969	24791	1.229849e-03	4.269247e-04	8605.85	0.000000e+00	0.000000e+00	350.00	83
positions_6nt_m1	3.3	787	20133756	24004	1.190807e-03	4.054857e-04	8173.68	0.000000e+00	0.000000e+00	350.00	84
positions_6nt_m1	3.4	767	20134523	23237	1.152757e-03	3.867792e-04	7796.60	0.000000e+00	0.000000e+00	350.00	85
positions_6nt_m1	3.5	753	20135276	22484	1.115402e-03	3.672753e-04	7403.45	0.000000e+00	0.000000e+00	350.00	86
positions_6nt_m1	3.6	743	20136019	21741	1.078543e-03	3.463937e-04	6982.52	0.000000e+00	0.000000e+00	350.00	87
positions_6nt_m1	3.7	673	20136692	21068	1.045156e-03	3.283692e-04	6619.19	0.000000e+00	0.000000e+00	350.00	88
positions_6nt_m1	3.8	668	20137360	20400	1.012017e-03	3.133323e-04	6316.08	0.000000e+00	0.000000e+00	350.00	89
positions_6nt_m1	3.9	667	20138027	19733	9.789283e-04	2.971741e-04	5990.36	0.000000e+00	0.000000e+00	350.00	90
positions_6nt_m1	4.0	609	20138636	19124	9.487166e-04	2.816658e-04	5677.75	0.000000e+00	0.000000e+00	350.00	91
positions_6nt_m1	4.1	591	20139227	18533	9.193978e-04	2.651333e-04	5344.49	0.000000e+00	0.000000e+00	350.00	92
positions_6nt_m1	4.2	623	20139850	17910	8.884916e-04	2.524140e-04	5088.10	0.000000e+00	0.000000e+00	350.00	93
positions_6nt_m1	4.3	580	20140430	17330	8.597186e-04	2.377702e-04	4792.91	0.000000e+00	0.000000e+00	350.00	94
positions_6nt_m1	4.4	548	20140978	16782	8.325330e-04	2.251889e-04	4539.30	0.000000e+00	0.000000e+00	350.00	95
positions_6nt_m1	4.5	566	20141544	16216	8.044545e-04	2.141581e-04	4316.95	0.000000e+00	0.000000e+00	350.00	96
positions_6nt_m1	4.6	550	20142094	15666	7.771697e-04	2.012509e-04	4056.77	0.000000e+00	0.000000e+00	350.00	97
positions_6nt_m1	4.7	514	20142608	15152	7.516709e-04	1.912290e-04	3854.75	0.000000e+00	0.000000e+00	350.00	98
positions_6nt_m1	4.8	558	20143166	14594	7.239892e-04	1.809072e-04	3646.68	0.000000e+00	0.000000e+00	350.00	99
positions_6nt_m1	4.9	478	20143644	14116	7.002763e-04	1.700406e-04	3427.64	0.000000e+00	0.000000e+00	350.00	100
positions_6nt_m1	5.0	466	20144110	13650	6.771586e-04	1.615471e-04	3256.43	0.000000e+00	0.000000e+00	350.00	101
positions_6nt_m1	5.1	502	20144612	13148	6.522550e-04	1.515145e-04	3054.19	0.000000e+00	0.000000e+00	350.00	102
positions_6nt_m1	5.2	428	20145040	12720	6.310225e-04	1.438094e-04	2898.88	0.000000e+00	0.000000e+00	350.00	103
positions_6nt_m1	5.3	404	20145444	12316	6.109806e-04	1.348727e-04	2718.73	0.000000e+00	0.000000e+00	350.00	104
positions_6nt_m1	5.4	429	20145873	11887	5.896985e-04	1.272060e-04	2564.19	0.000000e+00	0.000000e+00	350.00	105
positions_6nt_m1	5.5	371	20146244	11516	5.712937e-04	1.209215e-04	2437.51	0.000000e+00	0.000000e+00	350.00	106
positions_6nt_m1	5.6	405	20146649	11111	5.512021e-04	1.133287e-04	2284.45	0.000000e+00	0.000000e+00	350.00	107
positions_6nt_m1	5.7	407	20147056	10704	5.310114e-04	1.074833e-04	2166.62	0.000000e+00	0.000000e+00	350.00	108
positions_6nt_m1	5.8	388	20147444	10316	5.117632e-04	1.012751e-04	2041.48	0.000000e+00	0.000000e+00	350.00	109
positions_6nt_m1	5.9	403	20147847	9913	4.917709e-04	9.493726e-05	1913.72	0.000000e+00	0.000000e+00	350.00	110
positions_6nt_m1	6.0	339	20148186	9574	4.749536e-04	9.000133e-05	1814.23	0.000000e+00	0.000000e+00	350.00	111
positions_6nt_m1	6.1	308	20148494	9266	4.596741e-04	8.386661e-05	1690.56	0.000000e+00	0.000000e+00	350.00	112
positions_6nt_m1	6.2	304	20148798	8962	4.445931e-04	7.935267e-05	1599.57	0.000000e+00	0.000000e+00	350.00	113
positions_6nt_m1	6.3	324	20149122	8638	4.285199e-04	7.433029e-05	1498.33	0.000000e+00	0.000000e+00	350.00	114
positions_6nt_m1	6.4	335	20149457	8303	4.119009e-04	6.994800e-05	1409.99	0.000000e+00	0.000000e+00	350.00	115
positions_6nt_m1	6.5	324	20149781	7979	3.958277e-04	6.615442e-05	1333.52	0.000000e+00	0.000000e+00	350.00	116
positions_6nt_m1	6.6	336	20150117	7643	3.791592e-04	6.163509e-05	1242.43	0.000000e+00	0.000000e+00	350.00	117
positions_6nt_m1	6.7	274	20150391	7369	3.655664e-04	5.824028e-05	1173.99	0.000000e+00	0.000000e+00	350.00	118
positions_6nt_m1	6.8	278	20150669	7091	3.517752e-04	5.483097e-05	1105.27	0.000000e+00	0.000000e+00	350.00	119
positions_6nt_m1	6.9	260	20150929	6831	3.388770e-04	5.103876e-05	1028.83	0.000000e+00	0.000000e+00	350.00	120
positions_6nt_m1	7.0	233	20151162	6598	3.273181e-04	4.827132e-05	973.04	0.000000e+00	0.000000e+00	350.00	121
positions_6nt_m1	7.1	264	20151426	6334	3.142214e-04	4.500107e-05	907.12	0.000000e+00	0.000000e+00	350.00	122
positions_6nt_m1	7.2	241	20151667	6093	3.022657e-04	4.241869e-05	855.07	0.000000e+00	0.000000e+00	350.00	123
positions_6nt_m1	7.3	218	20151885	5875	2.914510e-04	3.958766e-05	798.00	0.000000e+00	0.000000e+00	350.00	124
positions_6nt_m1	7.4	240	20152125	5635	2.795450e-04	3.708177e-05	747.49	0.000000e+00	0.000000e+00	350.00	125
positions_6nt_m1	7.5	258	20152383	5377	2.667459e-04	3.497181e-05	704.95	0.000000e+00	0.000000e+00	350.00	126
positions_6nt_m1	7.6	182	20152565	5195	2.577171e-04	3.261252e-05	657.40	0.000000e+00	0.000000e+00	350.00	127
positions_6nt_m1	7.7	204	20152769	4991	2.475970e-04	3.066497e-05	618.14	0.000000e+00	0.000000e+00	350.00	128
positions_6nt_m1	7.8	191	20152960	4800	2.381217e-04	2.869590e-05	578.45	0.000000e+00	0.000000e+00	350.00	129
positions_6nt_m1	7.9	203	20153163	4597	2.280511e-04	2.663298e-05	536.86	0.000000e+00	0.000000e+00	350.00	130
positions_6nt_m1	8.0	187	20153350	4410	2.187743e-04	2.503002e-05	504.55	0.000000e+00	0.000000e+00	350.00	131
positions_6nt_m1	8.1	209	20153559	4201	2.084061e-04	2.331893e-05	470.06	0.000000e+00	0.000000e+00	350.00	132
positions_6nt_m1	8.2	173	20153732	4028	1.998238e-04	2.161706e-05	435.75	0.000000e+00	0.000000e+00	350.00	133
positions_6nt_m1	8.3	196	20153928	3832	1.901005e-04	2.004688e-05	404.10	0.000000e+00	0.000000e+00	350.00	134
positions_6nt_m1	8.4	174	20154102	3658	1.814686e-04	1.872735e-05	377.50	0.000000e+00	0.000000e+00	350.00	135
positions_6nt_m1	8.5	169	20154271	3489	1.730847e-04	1.743300e-05	351.41	0.000000e+00	0.000000e+00	350.00	136
positions_6nt_m1	8.6	165	20154436	3324	1.648993e-04	1.632117e-05	329.00	0.000000e+00	0.000000e+00	350.00	137
positions_6nt_m1	8.7	146	20154582	3178	1.576564e-04	1.513723e-05	305.13	0.000000e+00	0.000000e+00	350.00	138
positions_6nt_m1	8.8	130	20154712	3048	1.512073e-04	1.405424e-05	283.30	0.000000e+00	0.000000e+00	350.00	139
positions_6nt_m1	8.9	122	20154834	2926	1.451550e-04	1.297318e-05	261.51	0.000000e+00	0.000000e+00	350.00	140
positions_6nt_m1	9.0	160	20154994	2766	1.372176e-04	1.206744e-05	243.25	0.000000e+00	0.000000e+00	350.00	141
positions_6nt_m1	9.1	176	20155170	2590	1.284865e-04	1.130770e-05	227.94	0.000000e+00	0.000000e+00	350.00	142
positions_6nt_m1	9.2	146	20155316	2444	1.212436e-04	1.050428e-05	211.74	0.000000e+00	0.000000e+00	350.00	143
positions_6nt_m1	9.3	102	20155418	2342	1.161835e-04	9.667645e-06	194.88	0.000000e+00	0.000000e+00	350.00	144
positions_6nt_m1	9.4	131	20155549	2211	1.096848e-04	8.970683e-06	180.83	0.000000e+00	0.000000e+00	350.00	145
positions_6nt_m1	9.5	114	20155663	2097	1.040294e-04	8.373402e-06	168.79	0.000000e+00	0.000000e+00	350.00	146
positions_6nt_m1	9.6	102	20155765	1995	9.896933e-05	7.785253e-06	156.93	0.000000e+00	0.000000e+00	350.00	147
positions_6nt_m1	9.7	97	20155862	1898	9.415729e-05	7.161538e-06	144.36	0.000000e+00	0.000000e+00	350.00	148
positions_6nt_m1	9.8	105	20155967	1793	8.894838e-05	6.603694e-06	133.12	0.000000e+00	0.000000e+00	350.00	149
positions_6nt_m1	9.9	83	20156050	1710	8.483086e-05	6.038339e-06	121.72	0.000000e+00	0.000000e+00	350.00	150
positions_6nt_m1	10.0	114	20156164	1596	7.917547e-05	5.587937e-06	112.64	0.000000e+00	0.000000e+00	350.00	151
positions_6nt_m1	10.1	104	20156268	1492	7.401616e-05	5.174608e-06	104.31	0.000000e+00	0.000000e+00	350.00	152
positions_6nt_m1	10.2	87	20156355	1405	6.970021e-05	4.729748e-06	95.34	0.000000e+00	0.000000e+00	350.00	153
positions_6nt_m1	10.3	63	20156418	1342	6.657486e-05	4.350840e-06	87.70	0.000000e+00	0.000000e+00	350.00	154
positions_6nt_m1	10.4	93	20156511	1249	6.196125e-05	4.024093e-06	81.12	0.000000e+00	0.000000e+00	350.00	155
positions_6nt_m1	10.5	76	20156587	1173	5.819099e-05	3.691843e-06	74.42	0.000000e+00	0.000000e+00	350.00	156
positions_6nt_m1	10.6	72	20156659	1101	5.461917e-05	3.446472e-06	69.47	0.000000e+00	0.000000e+00	350.00	157
positions_6nt_m1	10.7	75	20156734	1026	5.089852e-05	3.169125e-06	63.88	0.000000e+00	0.000000e+00	350.00	158
positions_6nt_m1	10.8	65	20156799	961	4.767395e-05	2.931729e-06	59.10	0.000000e+00	0.000000e+00	350.00	159
positions_6nt_m1	10.9	48	20156847	913	4.529273e-05	2.656906e-06	53.56	0.000000e+00	0.000000e+00	350.00	160
positions_6nt_m1	11.0	59	20156906	854	4.236582e-05	2.451620e-06	49.42	0.000000e+00	0.000000e+00	350.00	161
positions_6nt_m1	11.1	62	20156968	792	3.929008e-05	2.288963e-06	46.14	0.000000e+00	0.000000e+00	350.00	162
positions_6nt_m1	11.2	64	20157032	728	3.611513e-05	2.095964e-06	42.25	0.000000e+00	0.000000e+00	350.00	163
positions_6nt_m1	11.3	56	20157088	672	3.333704e-05	1.904123e-06	38.38	0.000000e+00	0.000000e+00	350.00	164
positions_6nt_m1	11.4	65	20157153	607	3.011247e-05	1.745719e-06	35.19	0.000000e+00	0.000000e+00	350.00	165
positions_6nt_m1	11.5	47	20157200	560	2.778087e-05	1.594372e-06	32.14	0.000000e+00	0.000000e+00	350.00	166
positions_6nt_m1	11.6	49	20157249	511	2.535004e-05	1.460147e-06	29.43	0.000000e+00	0.000000e+00	350.00	167
positions_6nt_m1	11.7	41	20157290	470	2.331608e-05	1.299114e-06	26.19	0.000000e+00	0.000000e+00	350.00	168
positions_6nt_m1	11.8	38	20157328	432	2.143095e-05	1.188580e-06	23.96	0.000000e+00	0.000000e+00	350.00	169
positions_6nt_m1	11.9	29	20157357	403	1.999230e-05	1.084140e-06	21.85	0.000000e+00	0.000000e+00	350.00	170
positions_6nt_m1	12.0	34	20157391	369	1.830561e-05	9.671057e-07	19.49	7.460391e-322	1.484618e-319	318.83	171
positions_6nt_m1	12.1	30	20157421	339	1.681735e-05	8.853105e-07	17.85	2.328650e-296	4.634014e-294	293.33	172
positions_6nt_m1	12.2	41	20157462	298	1.478339e-05	8.057712e-07	16.24	1.626398e-256	3.236532e-254	253.49	173
positions_6nt_m1	12.3	29	20157491	269	1.334474e-05	7.396665e-07	14.91	6.637682e-230	1.320899e-227	226.88	174
positions_6nt_m1	12.4	22	20157513	247	1.225335e-05	6.715267e-07	13.54	2.022268e-212	4.024314e-210	209.40	175
positions_6nt_m1	12.5	22	20157535	225	1.116196e-05	6.134636e-07	12.37	2.019613e-193	4.019030e-191	190.40	176
positions_6nt_m1	12.6	19	20157554	206	1.021939e-05	5.583777e-07	11.26	9.326205e-178	1.855915e-175	174.73	177
positions_6nt_m1	12.7	23	20157577	183	9.078390e-06	5.057535e-07	10.19	1.115396e-156	2.219638e-154	153.65	178
positions_6nt_m1	12.8	19	20157596	164	8.135825e-06	4.592187e-07	9.26	9.716953e-140	1.933674e-137	136.71	179
positions_6nt_m1	12.9	13	20157609	151	7.490912e-06	4.073889e-07	8.21	4.015516e-131	7.990877e-129	128.10	180
positions_6nt_m1	13.0	24	20157633	127	6.300304e-06	3.644497e-07	7.35	2.229221e-107	4.436150e-105	104.35	181
positions_6nt_m1	13.1	19	20157652	108	5.357738e-06	3.238002e-07	6.53	1.147107e-89	2.282744e-87	86.64	182
positions_6nt_m1	13.2	5	20157657	103	5.109695e-06	2.797897e-07	5.64	9.123439e-90	1.815564e-87	86.74	183
positions_6nt_m1	13.3	10	20157667	93	4.613608e-06	2.496260e-07	5.03	1.087182e-81	2.163492e-79	78.66	184
positions_6nt_m1	13.4	15	20157682	78	3.869478e-06	2.186703e-07	4.41	2.025927e-67	4.031595e-65	64.39	185
positions_6nt_m1	13.5	20	20157702	58	2.877304e-06	1.812690e-07	3.65	5.129171e-48	1.020705e-45	44.99	186
positions_6nt_m1	13.6	6	20157708	52	2.579652e-06	1.575197e-07	3.18	6.816210e-44	1.356426e-41	40.87	187
positions_6nt_m1	13.7	4	20157712	48	2.381217e-06	1.304048e-07	2.63	8.623672e-43	1.716111e-40	39.77	188
positions_6nt_m1	13.8	9	20157721	39	1.934739e-06	1.111575e-07	2.24	2.553511e-34	5.081487e-32	31.29	189
positions_6nt_m1	13.9	2	20157723	37	1.835521e-06	9.992325e-08	2.01	1.828626e-33	3.638966e-31	30.44	190
positions_6nt_m1	14.0	3	20157726	34	1.686695e-06	8.432563e-08	1.70	4.434628e-32	8.824909e-30	29.05	191
positions_6nt_m1	14.1	3	20157729	31	1.537869e-06	7.939413e-08	1.60	5.537545e-29	1.101971e-26	25.96	192
positions_6nt_m1	14.2	3	20157732	28	1.389043e-06	6.846900e-08	1.38	7.174675e-27	1.427760e-24	23.85	193
positions_6nt_m1	14.3	6	20157738	22	1.091391e-06	5.775004e-08	1.16	8.280342e-21	1.647788e-18	17.78	194
positions_6nt_m1	14.4	1	20157739	21	1.041782e-06	4.987429e-08	1.01	8.394626e-21	1.670531e-18	17.78	195
positions_6nt_m1	14.5	7	20157746	14	6.945216e-07	3.830907e-08	0.77	1.497979e-13	2.980979e-11	10.53	196
positions_6nt_m1	14.6	7	20157753	7	3.472608e-07	3.114597e-08	0.63	4.415400e-06	8.786646e-04	3.06	197
positions_6nt_m1	14.9	3	20157756	4	1.984348e-07	1.402475e-08	0.28	2.125131e-04	4.229011e-02	1.37	198
positions_6nt_m1	15.0	4	20157760	0	0.000000e+00	8.822075e-09	0.18	1.000000e+00	1.990000e+02	-2.30	199
; Number of sequences scanned	43038
; Sum of sequence lengths	10681503
; N residues           	63
; Matches per matrix
;	matrix	name            	matches	scored
;	1	positions_6nt_m1	20157759	20157759
;		TOTAL          	20157759	20157759
; Host name	rsat
; Job started	2014-09-03.190928
; Job done	2014-09-03.190947
; Seconds	10.47
;	user	10.47
;	system	0.04
;	cuser	0.57
;	csystem	0.02
