; position-analysis -v 1 -i $RSAT/public_html/tmp/wwwrun/2014/09/03/peak-motifs.2014-09-03.094519_2014-09-03.094519_gM9GBj/data/sequences/peak-motifs_test_maxlen1000_purged_ml30_mis0.fasta -format fasta -sort -return html,chi,sig,distrib,exp_occ,graphs,rank,index -max_graphs 100 -2str -noov -seqtype dna -l 7 -ci 50 -lth_occ 1 -lth_sig 0 -uth_rank 100 -img_format png -title CEBPa_ChIP-seq_in_dog_liver -origin center -max_graphs 20 -o $RSAT/public_html/tmp/wwwrun/2014/09/03/peak-motifs.2014-09-03.094519_2014-09-03.094519_gM9GBj/results/positions_7nt/peak-motifs_positions-2str-noov_7nt_ci50.tab
; Profiles of expected occurrences
; Position intervals:
;	window	[min,max]	mid	seq	occ
;	1	-10	[-499,-450]	-474.5	22	664
;	2	-9	[-449,-400]	-424.5	50	1678
;	3	-8	[-399,-350]	-374.5	126	3960
;	4	-7	[-349,-300]	-324.5	384	11944
;	5	-6	[-299,-250]	-274.5	1097	35127
;	6	-5	[-249,-200]	-224.5	3965	108147
;	7	-4	[-199,-150]	-174.5	13882	430281
;	8	-3	[-149,-100]	-124.5	26913	1011743
;	9	-2	[-99,-50]	-74.5	41757	1779855
;	10	-1	[-49,0]	-24.5	43038	2138451
;	11	0	[1,50]	25.5	43038	2127108
;	12	1	[51,100]	75.5	40786	1672308
;	13	2	[101,150]	125.5	24715	921869
;	14	3	[151,200]	175.5	12218	363125
;	15	4	[201,250]	225.5	3186	89949
;	16	5	[251,300]	275.5	945	30351
;	17	6	[301,350]	325.5	336	10248
;	18	7	[351,400]	375.5	104	3490
;	19	8	[401,450]	425.5	43	1493
;	20	9	[451,500]	475.5	19	525
;
; column headers
;	1	seq            	pattern sequence
;	2	id             	pattern identifier
;	3	-474.5         	expected occurrences	in window	1	[-499,-450]
;	4	-424.5         	expected occurrences	in window	2	[-449,-400]
;	5	-374.5         	expected occurrences	in window	3	[-399,-350]
;	6	-324.5         	expected occurrences	in window	4	[-349,-300]
;	7	-274.5         	expected occurrences	in window	5	[-299,-250]
;	8	-224.5         	expected occurrences	in window	6	[-249,-200]
;	9	-174.5         	expected occurrences	in window	7	[-199,-150]
;	10	-124.5         	expected occurrences	in window	8	[-149,-100]
;	11	-74.5          	expected occurrences	in window	9	[-99,-50]
;	12	-24.5          	expected occurrences	in window	10	[-49,0]
;	13	25.5           	expected occurrences	in window	11	[1,50]
;	14	75.5           	expected occurrences	in window	12	[51,100]
;	15	125.5          	expected occurrences	in window	13	[101,150]
;	16	175.5          	expected occurrences	in window	14	[151,200]
;	17	225.5          	expected occurrences	in window	15	[201,250]
;	18	275.5          	expected occurrences	in window	16	[251,300]
;	19	325.5          	expected occurrences	in window	17	[301,350]
;	20	375.5          	expected occurrences	in window	18	[351,400]
;	21	425.5          	expected occurrences	in window	19	[401,450]
;	22	475.5          	expected occurrences	in window	20	[451,500]
#seq	id	-474.5	-424.5	-374.5	-324.5	-274.5	-224.5	-174.5	-124.5	-74.5	-24.5	25.5	75.5	125.5	175.5	225.5	275.5	325.5	375.5	425.5	475.5
tgtgcaa	tgtgcaa|ttgcaca	0.5	1.2	2.9	8.7	25.6	78.9	313.9	738.1	1298.5	1560.1	1551.8	1220.0	672.5	264.9	65.6	22.1	7.5	2.5	1.1	0.4
tgcacaa	tgcacaa|ttgtgca	0.4	1.1	2.7	8.0	23.6	72.6	288.7	678.8	1194.1	1434.7	1427.1	1121.9	618.5	243.6	60.3	20.4	6.9	2.3	1.0	0.4
attgcac	attgcac|gtgcaat	0.3	0.7	1.5	4.7	13.7	42.3	168.1	395.3	695.4	835.5	831.1	653.4	360.2	141.9	35.1	11.9	4.0	1.4	0.6	0.2
tgcaaca	tgcaaca|tgttgca	0.3	0.8	1.8	5.5	16.3	50.2	199.6	469.4	825.8	992.2	986.9	775.9	427.7	168.5	41.7	14.1	4.8	1.6	0.7	0.2
attgtgc	attgtgc|gcacaat	0.2	0.6	1.4	4.3	12.6	38.7	153.9	361.8	636.4	764.6	760.6	597.9	329.6	129.8	32.2	10.9	3.7	1.2	0.5	0.2
tgcgcaa	tgcgcaa|ttgcgca	0.1	0.3	0.7	2.0	5.8	17.9	71.2	167.5	294.6	353.9	352.1	276.8	152.6	60.1	14.9	5.0	1.7	0.6	0.2	0.1
gttgcaa	gttgcaa|ttgcaac	0.2	0.6	1.5	4.4	13.1	40.2	159.9	375.9	661.3	794.5	790.3	621.3	342.5	134.9	33.4	11.3	3.8	1.3	0.6	0.2
gattgca	gattgca|tgcaatc	0.2	0.6	1.3	4.1	12.0	36.8	146.5	344.4	605.9	728.0	724.1	569.3	313.8	123.6	30.6	10.3	3.5	1.2	0.5	0.2
gcacaac	gcacaac|gttgtgc	0.2	0.5	1.1	3.2	9.5	29.2	116.2	273.2	480.7	577.5	574.4	451.6	249.0	98.1	24.3	8.2	2.8	0.9	0.4	0.1
gtgcaac	gtgcaac|gttgcac	0.2	0.4	1.0	3.0	8.8	27.0	107.5	252.9	444.9	534.5	531.7	418.0	230.4	90.8	22.5	7.6	2.6	0.9	0.4	0.1
tattgca	tattgca|tgcaata	0.2	0.6	1.5	4.4	12.9	39.8	158.3	372.1	654.6	786.5	782.3	615.1	339.1	133.6	33.1	11.2	3.8	1.3	0.5	0.2
atgcaat	atgcaat|attgcat	0.2	0.6	1.4	4.4	12.8	39.5	157.2	369.7	650.3	781.3	777.2	611.0	336.8	132.7	32.9	11.1	3.7	1.3	0.5	0.2
ttcacaa	ttcacaa|ttgtgaa	0.3	0.8	1.8	5.4	15.9	49.0	194.9	458.2	806.1	968.5	963.3	757.4	417.5	164.5	40.7	13.7	4.6	1.6	0.7	0.2
tacgcaa	tacgcaa|ttgcgta	0.1	0.2	0.5	1.5	4.5	13.8	54.8	128.7	226.5	272.1	270.7	212.8	117.3	46.2	11.4	3.9	1.3	0.4	0.2	0.1
tgatgca	tgatgca|tgcatca	0.2	0.5	1.2	3.7	10.8	33.3	132.6	311.8	548.6	659.1	655.6	515.4	284.1	111.9	27.7	9.4	3.2	1.1	0.5	0.2
gatgcaa	gatgcaa|ttgcatc	0.2	0.5	1.2	3.6	10.7	32.8	130.5	306.8	539.8	648.6	645.1	507.2	279.6	110.1	27.3	9.2	3.1	1.1	0.5	0.2
tgagcaa	tgagcaa|ttgctca	0.3	0.7	1.7	5.1	14.9	46.0	183.1	430.5	757.4	909.9	905.1	711.6	392.3	154.5	38.3	12.9	4.4	1.5	0.6	0.2
tgcgtaa	tgcgtaa|ttacgca	0.1	0.2	0.5	1.5	4.4	13.7	54.4	127.9	225.0	270.3	268.9	211.4	116.5	45.9	11.4	3.8	1.3	0.4	0.2	0.1
ttaaaaa	ttaaaaa|tttttaa	0.6	1.5	3.6	10.9	32.1	98.7	392.7	923.5	1624.6	1951.9	1941.5	1526.4	841.4	331.4	82.1	27.7	9.4	3.2	1.4	0.5
aaaaaaa	aaaaaaa|ttttttt	0.7	1.7	4.1	12.4	36.5	112.3	446.7	1050.4	1847.9	2220.2	2208.4	1736.2	957.1	377.0	93.4	31.5	10.6	3.6	1.6	0.5
attgcaa	attgcaa|ttgcaat	0.2	0.6	1.5	4.4	13.0	40.1	159.7	375.4	660.4	793.5	789.3	620.5	342.1	134.7	33.4	11.3	3.8	1.3	0.6	0.2
taaaaaa	taaaaaa|tttttta	0.5	1.2	2.8	8.6	25.2	77.4	308.1	724.5	1274.6	1531.4	1523.3	1197.6	660.2	260.0	64.4	21.7	7.3	2.5	1.1	0.4
gcaatca	gcaatca|tgattgc	0.2	0.5	1.1	3.4	9.9	30.5	121.5	285.8	502.7	604.0	600.8	472.3	260.4	102.6	25.4	8.6	2.9	1.0	0.4	0.1
cacaatc	cacaatc|gattgtg	0.2	0.4	1.0	3.1	9.1	28.0	111.6	262.4	461.6	554.6	551.7	433.7	239.1	94.2	23.3	7.9	2.7	0.9	0.4	0.1
tatgcaa	tatgcaa|ttgcata	0.2	0.6	1.3	3.9	11.6	35.6	141.8	333.4	586.5	704.7	701.0	551.1	303.8	119.7	29.6	10.0	3.4	1.2	0.5	0.2
tgctcaa	tgctcaa|ttgagca	0.2	0.6	1.5	4.4	12.9	39.7	157.8	371.0	652.6	784.1	780.0	613.2	338.0	133.2	33.0	11.1	3.8	1.3	0.5	0.2
ttcgcaa	ttcgcaa|ttgcgaa	0.1	0.2	0.5	1.4	4.0	12.4	49.3	115.9	204.0	245.1	243.8	191.6	105.6	41.6	10.3	3.5	1.2	0.4	0.2	0.1
atgttgc	atgttgc|gcaacat	0.2	0.4	1.0	3.2	9.3	28.7	114.0	268.1	471.7	566.7	563.7	443.2	244.3	96.2	23.8	8.0	2.7	0.9	0.4	0.1
tgtgaaa	tgtgaaa|tttcaca	0.3	0.9	2.1	6.2	18.3	56.3	224.1	526.9	926.8	1113.6	1107.7	870.8	480.1	189.1	46.8	15.8	5.3	1.8	0.8	0.3
tttaaaa	tttaaaa|ttttaaa	0.6	1.6	3.8	11.3	33.4	102.7	408.8	961.2	1691.0	2031.7	2020.9	1588.8	875.8	345.0	85.5	28.8	9.7	3.3	1.4	0.5
tgcgaaa	tgcgaaa|tttcgca	0.1	0.2	0.4	1.4	4.0	12.3	48.7	114.6	201.6	242.3	241.0	189.5	104.4	41.1	10.2	3.4	1.2	0.4	0.2	0.1
tgcataa	tgcataa|ttatgca	0.2	0.5	1.2	3.7	10.9	33.6	133.5	314.0	552.4	663.7	660.2	519.0	286.1	112.7	27.9	9.4	3.2	1.1	0.5	0.2
ttgcaaa	ttgcaaa|tttgcaa	0.3	0.9	2.1	6.3	18.4	56.8	225.9	531.3	934.6	1122.9	1117.0	878.2	484.1	190.7	47.2	15.9	5.4	1.8	0.8	0.3
aaaaaat	aaaaaat|atttttt	0.5	1.2	2.9	8.7	25.7	79.2	315.0	740.6	1302.8	1565.3	1557.0	1224.1	674.8	265.8	65.8	22.2	7.5	2.6	1.1	0.4
cattgca	cattgca|tgcaatg	0.2	0.5	1.2	3.6	10.5	32.2	128.3	301.6	530.5	637.4	634.0	498.5	274.8	108.2	26.8	9.0	3.1	1.0	0.4	0.2
cacaata	cacaata|tattgtg	0.2	0.5	1.2	3.5	10.4	31.9	126.9	298.3	524.7	630.4	627.1	493.0	271.8	107.1	26.5	8.9	3.0	1.0	0.4	0.2
tacacaa	tacacaa|ttgtgta	0.2	0.6	1.4	4.1	12.1	37.4	148.8	349.9	615.5	739.5	735.6	578.3	318.8	125.6	31.1	10.5	3.5	1.2	0.5	0.2
cacaaca	cacaaca|tgttgtg	0.2	0.5	1.2	3.7	10.9	33.5	133.3	313.5	551.6	662.7	659.2	518.2	285.7	112.5	27.9	9.4	3.2	1.1	0.5	0.2
tgtgtaa	tgtgtaa|ttacaca	0.3	0.6	1.5	4.5	13.4	41.1	163.5	384.5	676.5	812.8	808.5	635.6	350.4	138.0	34.2	11.5	3.9	1.3	0.6	0.2
acgcaat	acgcaat|attgcgt	0.1	0.2	0.4	1.1	3.2	9.8	39.2	92.1	162.0	194.7	193.7	152.2	83.9	33.1	8.2	2.8	0.9	0.3	0.1	0.0
attgcga	attgcga|tcgcaat	0.1	0.1	0.3	1.0	3.0	9.3	37.1	87.1	153.3	184.1	183.2	144.0	79.4	31.3	7.7	2.6	0.9	0.3	0.1	0.0
gcaacac	gcaacac|gtgttgc	0.1	0.4	0.8	2.6	7.5	23.2	92.3	217.1	381.9	458.9	456.4	358.8	197.8	77.9	19.3	6.5	2.2	0.7	0.3	0.1
ggttgca	ggttgca|tgcaacc	0.2	0.4	0.9	2.7	8.0	24.5	97.6	229.5	403.8	485.1	482.6	379.4	209.1	82.4	20.4	6.9	2.3	0.8	0.3	0.1
aattgca	aattgca|tgcaatt	0.2	0.5	1.2	3.8	11.0	34.0	135.1	317.7	558.9	671.5	667.9	525.1	289.5	114.0	28.2	9.5	3.2	1.1	0.5	0.2
agattgc	agattgc|gcaatct	0.1	0.4	0.9	2.7	7.8	24.1	96.0	225.8	397.2	477.2	474.6	373.2	205.7	81.0	20.1	6.8	2.3	0.8	0.3	0.1
ctattgc	ctattgc|gcaatag	0.1	0.3	0.8	2.3	6.8	21.1	83.8	197.0	346.6	416.5	414.2	325.7	179.5	70.7	17.5	5.9	2.0	0.7	0.3	0.1
attgcgc	attgcgc|gcgcaat	0.0	0.1	0.3	0.8	2.4	7.5	30.0	70.4	123.9	148.9	148.1	116.4	64.2	25.3	6.3	2.1	0.7	0.2	0.1	0.0
attgtga	attgtga|tcacaat	0.2	0.5	1.2	3.6	10.6	32.7	130.1	305.8	538.0	646.4	642.9	505.5	278.6	109.8	27.2	9.2	3.1	1.1	0.5	0.2
cgcaata	cgcaata|tattgcg	0.0	0.1	0.3	0.9	2.5	7.7	30.6	72.0	126.8	152.3	151.5	119.1	65.6	25.9	6.4	2.2	0.7	0.2	0.1	0.0
aaaaata	aaaaata|tattttt	0.5	1.2	2.8	8.4	24.6	75.6	301.0	707.7	1245.0	1495.8	1487.9	1169.7	644.8	254.0	62.9	21.2	7.2	2.4	1.0	0.4
ctgttgc	ctgttgc|gcaacag	0.2	0.5	1.1	3.4	9.9	30.4	121.0	284.6	500.7	601.6	598.4	470.4	259.3	102.2	25.3	8.5	2.9	1.0	0.4	0.1
atgcaac	atgcaac|gttgcat	0.1	0.4	0.9	2.6	7.6	23.5	93.4	219.5	386.2	464.0	461.6	362.9	200.0	78.8	19.5	6.6	2.2	0.8	0.3	0.1
gcgcaac	gcgcaac|gttgcgc	0.0	0.1	0.2	0.7	2.1	6.4	25.4	59.6	104.9	126.0	125.3	98.5	54.3	21.4	5.3	1.8	0.6	0.2	0.1	0.0
tgcaaaa	tgcaaaa|ttttgca	0.3	0.8	1.9	5.7	16.8	51.6	205.4	483.0	849.6	1020.8	1015.4	798.3	440.1	173.3	42.9	14.5	4.9	1.7	0.7	0.3
atattgc	atattgc|gcaatat	0.2	0.4	0.9	2.7	8.0	24.5	97.5	229.1	403.1	484.3	481.8	378.8	208.8	82.2	20.4	6.9	2.3	0.8	0.3	0.1
atttcac	atttcac|gtgaaat	0.3	0.7	1.5	4.6	13.6	42.0	167.2	393.1	691.6	830.9	826.5	649.8	358.2	141.1	35.0	11.8	4.0	1.4	0.6	0.2
caattgc	caattgc|gcaattg	0.1	0.3	0.7	2.1	6.0	18.6	74.0	174.0	306.0	367.7	365.7	287.5	158.5	62.4	15.5	5.2	1.8	0.6	0.3	0.1
aaataaa	aaataaa|tttattt	0.6	1.6	3.7	11.1	32.7	100.7	400.8	942.5	1658.0	1992.1	1981.5	1557.8	858.8	338.3	83.8	28.3	9.5	3.3	1.4	0.5
agttgtg	agttgtg|cacaact	0.2	0.4	1.0	2.9	8.5	26.2	104.3	245.2	431.3	518.2	515.4	405.2	223.4	88.0	21.8	7.4	2.5	0.8	0.4	0.1
gcaatcc	gcaatcc|ggattgc	0.1	0.3	0.7	2.1	6.1	18.9	75.1	176.6	310.7	373.3	371.3	291.9	160.9	63.4	15.7	5.3	1.8	0.6	0.3	0.1
attgctc	attgctc|gagcaat	0.2	0.4	0.9	2.7	8.1	24.8	98.6	231.9	407.9	490.1	487.5	383.3	211.3	83.2	20.6	7.0	2.3	0.8	0.3	0.1
aaaaatt	aaaaatt|aattttt	0.3	0.8	2.0	6.0	17.5	53.9	214.6	504.6	887.7	1066.6	1060.9	834.1	459.8	181.1	44.9	15.1	5.1	1.7	0.7	0.3
acattgc	acattgc|gcaatgt	0.1	0.4	0.9	2.6	7.7	23.7	94.3	221.8	390.2	468.8	466.3	366.6	202.1	79.6	19.7	6.7	2.2	0.8	0.3	0.1
aataaaa	aataaaa|ttttatt	0.5	1.2	2.7	8.3	24.4	75.1	298.6	702.2	1235.4	1484.3	1476.4	1160.7	639.8	252.0	62.4	21.1	7.1	2.4	1.0	0.4
cgcaatc	cgcaatc|gattgcg	0.0	0.1	0.3	0.8	2.4	7.4	29.6	69.5	122.3	146.9	146.1	114.9	63.3	24.9	6.2	2.1	0.7	0.2	0.1	0.0
tgggcaa	tgggcaa|ttgccca	0.2	0.5	1.2	3.6	10.6	32.7	130.3	306.3	538.8	647.4	643.9	506.3	279.1	109.9	27.2	9.2	3.1	1.1	0.5	0.2
gcaataa	gcaataa|ttattgc	0.2	0.4	1.0	3.1	9.0	27.8	110.7	260.3	458.0	550.2	547.3	430.3	237.2	93.4	23.1	7.8	2.6	0.9	0.4	0.1
attacgc	attacgc|gcgtaat	0.0	0.1	0.2	0.7	2.1	6.4	25.6	60.2	105.9	127.2	126.5	99.5	54.8	21.6	5.4	1.8	0.6	0.2	0.1	0.0
atatata	atatata|tatatat	0.1	0.3	0.8	2.3	6.8	21.1	83.8	197.1	346.8	416.6	414.4	325.8	179.6	70.8	17.5	5.9	2.0	0.7	0.3	0.1
attgagc	attgagc|gctcaat	0.1	0.3	0.8	2.4	6.9	21.4	85.0	199.8	351.4	422.2	420.0	330.2	182.0	71.7	17.8	6.0	2.0	0.7	0.3	0.1
aaaataa	aaaataa|ttatttt	0.5	1.2	2.9	8.9	26.0	80.2	319.0	750.1	1319.5	1585.4	1577.0	1239.8	683.4	269.2	66.7	22.5	7.6	2.6	1.1	0.4
tcttgca	tcttgca|tgcaaga	0.2	0.4	1.1	3.2	9.3	28.7	114.2	268.4	472.2	567.3	564.3	443.7	244.6	96.3	23.9	8.1	2.7	0.9	0.4	0.1
tgcccaa	tgcccaa|ttgggca	0.2	0.5	1.1	3.4	9.9	30.4	121.0	284.5	500.5	601.4	598.2	470.3	259.3	102.1	25.3	8.5	2.9	1.0	0.4	0.1
gcaatac	gcaatac|gtattgc	0.1	0.3	0.6	1.8	5.2	16.1	64.2	150.9	265.4	318.9	317.2	249.4	137.5	54.2	13.4	4.5	1.5	0.5	0.2	0.1
agttgca	agttgca|tgcaact	0.2	0.4	1.0	2.9	8.5	26.1	103.9	244.2	429.6	516.2	513.4	403.7	222.5	87.7	21.7	7.3	2.5	0.8	0.4	0.1
aaaaaga	aaaaaga|tcttttt	0.4	1.0	2.3	7.0	20.6	63.3	251.8	592.1	1041.7	1251.5	1244.9	978.7	539.5	212.5	52.6	17.8	6.0	2.0	0.9	0.3
attaaaa	attaaaa|ttttaat	0.3	0.7	1.8	5.3	15.6	48.0	190.8	448.6	789.2	948.2	943.1	741.5	408.7	161.0	39.9	13.5	4.5	1.5	0.7	0.2
gcaacca	gcaacca|tggttgc	0.2	0.4	0.9	2.8	8.3	25.6	101.9	239.7	421.7	506.6	503.9	396.2	218.4	86.0	21.3	7.2	2.4	0.8	0.4	0.1
atgatgc	atgatgc|gcatcat	0.1	0.3	0.7	2.2	6.6	20.3	80.7	189.7	333.7	400.9	398.8	313.5	172.8	68.1	16.9	5.7	1.9	0.7	0.3	0.1
aattgcg	aattgcg|cgcaatt	0.0	0.1	0.2	0.7	2.1	6.6	26.3	61.8	108.7	130.6	129.9	102.1	56.3	22.2	5.5	1.9	0.6	0.2	0.1	0.0
cattgcg	cattgcg|cgcaatg	0.0	0.1	0.3	0.8	2.2	6.8	27.2	64.0	112.7	135.4	134.6	105.9	58.4	23.0	5.7	1.9	0.6	0.2	0.1	0.0
acacaat	acacaat|attgtgt	0.2	0.5	1.1	3.3	9.7	30.0	119.4	280.8	493.9	593.4	590.3	464.1	255.8	100.8	25.0	8.4	2.8	1.0	0.4	0.1
ataaaat	ataaaat|attttat	0.3	0.8	1.9	5.8	17.1	52.7	209.5	492.7	866.7	1041.3	1035.8	814.3	448.9	176.8	43.8	14.8	5.0	1.7	0.7	0.3
aaaaaag	aaaaaag|ctttttt	0.4	1.0	2.5	7.4	21.8	67.0	266.8	627.3	1103.5	1325.8	1318.8	1036.8	571.5	225.1	55.8	18.8	6.4	2.2	0.9	0.3
atttcgc	atttcgc|gcgaaat	0.0	0.1	0.3	0.8	2.4	7.4	29.6	69.6	122.4	147.1	146.3	115.0	63.4	25.0	6.2	2.1	0.7	0.2	0.1	0.0
cgcaaca	cgcaaca|tgttgcg	0.0	0.1	0.3	0.8	2.4	7.3	29.0	68.3	120.1	144.3	143.6	112.9	62.2	24.5	6.1	2.0	0.7	0.2	0.1	0.0
aattgtg	aattgtg|cacaatt	0.2	0.5	1.1	3.3	9.6	29.5	117.4	276.0	485.5	583.3	580.2	456.1	251.4	99.0	24.5	8.3	2.8	1.0	0.4	0.1
attacac	attacac|gtgtaat	0.1	0.3	0.8	2.4	7.1	21.9	87.2	204.9	360.5	433.2	430.9	338.7	186.7	73.6	18.2	6.1	2.1	0.7	0.3	0.1
cgcaaga	cgcaaga|tcttgcg	0.0	0.1	0.2	0.7	2.0	6.3	25.0	58.7	103.2	124.0	123.4	97.0	53.5	21.1	5.2	1.8	0.6	0.2	0.1	0.0
cttgcac	cttgcac|gtgcaag	0.1	0.3	0.8	2.4	7.0	21.5	85.5	201.0	353.6	424.8	422.6	332.2	183.1	72.1	17.9	6.0	2.0	0.7	0.3	0.1
taagcaa	taagcaa|ttgctta	0.2	0.5	1.2	3.6	10.6	32.7	130.0	305.7	537.8	646.2	642.7	505.3	278.6	109.7	27.2	9.2	3.1	1.1	0.5	0.2
aaaatat	aaaatat|atatttt	0.3	0.9	2.0	6.1	18.0	55.3	220.0	517.3	910.1	1093.5	1087.7	855.1	471.4	185.7	46.0	15.5	5.2	1.8	0.8	0.3
attatgc	attatgc|gcataat	0.1	0.3	0.8	2.3	6.7	20.8	82.6	194.3	341.8	410.7	408.5	321.2	177.0	69.7	17.3	5.8	2.0	0.7	0.3	0.1
cacaacc	cacaacc|ggttgtg	0.1	0.3	0.8	2.4	6.9	21.3	84.8	199.4	350.8	421.4	419.2	329.6	181.7	71.6	17.7	6.0	2.0	0.7	0.3	0.1
ataaaaa	ataaaaa|tttttat	0.3	0.9	2.1	6.2	18.3	56.2	223.8	526.2	925.7	1112.2	1106.3	869.8	479.5	188.9	46.8	15.8	5.3	1.8	0.8	0.3
attttta	attttta|taaaaat	0.4	1.0	2.4	7.1	20.8	64.2	255.3	600.4	1056.3	1269.1	1262.3	992.4	547.1	215.5	53.4	18.0	6.1	2.1	0.9	0.3
acgcaac	acgcaac|gttgcgt	0.0	0.1	0.2	0.7	2.2	6.8	27.0	63.5	111.7	134.2	133.5	104.9	57.8	22.8	5.6	1.9	0.6	0.2	0.1	0.0
gttgtga	gttgtga|tcacaac	0.1	0.4	0.8	2.6	7.5	23.1	91.9	216.1	380.1	456.7	454.2	357.1	196.9	77.5	19.2	6.5	2.2	0.7	0.3	0.1
ctcttgc	ctcttgc|gcaagag	0.2	0.4	1.0	3.1	9.1	28.0	111.5	262.2	461.3	554.2	551.3	433.4	238.9	94.1	23.3	7.9	2.7	0.9	0.4	0.1
cttgcgc	cttgcgc|gcgcaag	0.0	0.1	0.2	0.7	2.0	6.2	24.8	58.3	102.6	123.2	122.6	96.4	53.1	20.9	5.2	1.7	0.6	0.2	0.1	0.0
