; classfreq  -v 1 -ci 20 -o $RSAT/public_html/tmp/wwwrun/2014/09/03/peak-motifs.2014-09-03.094519_2014-09-03.094519_gM9GBj/results/discovered_motifs/oligos_8nt_mkv6_m2/peak-motifs_oligos_8nt_mkv6_m2_site_distrib.tab
;	min                 	minimum of class interval (inclusive)
;	max                 	maximum of class interval (exclusive)
;	center              	center of class interval
;	n                   	occurrences
;	n_cum               	cumulative occurrences (inclusive)
;	n_dcum              	decreasing cumulative occurrences (inclusive)
;	f                   	frequencies
;	f_cum               	cumulative frequencies (inclusive)
;	f_dcum              	decreasing cumulative frequencies (inclusive)
#[min	max[	center	n	n_cum	n_dcum	f	f_cum	f_dcum
-280	-260	-270	1	1	9599	0.00010	0.00010	1.00000
-260	-240	-250	3	4	9598	0.00031	0.00042	0.99990
-240	-220	-230	6	10	9595	0.00063	0.00104	0.99958
-220	-200	-210	6	16	9589	0.00063	0.00167	0.99896
-200	-180	-190	22	38	9583	0.00229	0.00396	0.99833
-180	-160	-170	27	65	9561	0.00281	0.00677	0.99604
-160	-140	-150	40	105	9534	0.00417	0.01094	0.99323
-140	-120	-130	63	168	9494	0.00656	0.01750	0.98906
-120	-100	-110	86	254	9431	0.00896	0.02646	0.98250
-100	-80	-90	133	387	9345	0.01386	0.04032	0.97354
-80	-60	-70	293	680	9212	0.03052	0.07084	0.95968
-60	-40	-50	765	1445	8919	0.07970	0.15054	0.92916
-40	-20	-30	1476	2921	8154	0.15377	0.30430	0.84946
-20	0	-10	2025	4946	6678	0.21096	0.51526	0.69570
0	20	10	2024	6970	4653	0.21086	0.72612	0.48474
20	40	30	1311	8281	2629	0.13658	0.86269	0.27388
40	60	50	697	8978	1318	0.07261	0.93531	0.13731
60	80	70	269	9247	621	0.02802	0.96333	0.06469
80	100	90	110	9357	352	0.01146	0.97479	0.03667
100	120	110	74	9431	242	0.00771	0.98250	0.02521
120	140	130	52	9483	168	0.00542	0.98792	0.01750
140	160	150	39	9522	116	0.00406	0.99198	0.01208
160	180	170	31	9553	77	0.00323	0.99521	0.00802
180	200	190	16	9569	46	0.00167	0.99687	0.00479
200	220	210	11	9580	30	0.00115	0.99802	0.00313
220	240	230	9	9589	19	0.00094	0.99896	0.00198
240	260	250	6	9595	10	0.00063	0.99958	0.00104
260	280	270	0	9595	4	0.00000	0.99958	0.00042
280	300	290	2	9597	4	0.00021	0.99979	0.00042
300	320	310	0	9597	2	0.00000	0.99979	0.00021
320	340	330	2	9599	2	0.00021	1.00000	0.00021
; Statistics:
; -----------
; class interval     	20
; classes            	31
; count              	9599
; sum                	-12215.5
; mean               	-1.27258
; median class       	[-40..-20[
; var                	2.32e+03
; std                	48.1354
; min                	-276.5
; max                	336.5
; range              	613
; Host name	rsat
; Job started	2014-09-03.103147
; Job done	2014-09-03.103147
; Seconds	0.32
;	user	0.32
;	system	0.01
;	cuser	0
;	csystem	0
