; matrix-scan  -v 1 -quick -seq_format fasta -i $RSAT/public_html/tmp/wwwrun/2014/09/03/peak-motifs.2014-09-03.182940_2014-09-03.182940_LkVj4M/data/sequences/peak-motifs_test_maxlen400.fasta -matrix_format transfac -m $RSAT/public_html/tmp/wwwrun/2014/09/03/peak-motifs.2014-09-03.182940_2014-09-03.182940_LkVj4M/results/discovered_motifs/oligos_8nt_mkv6_m1/peak-motifs_oligos_8nt_mkv6_m1.tf -pseudo 1 -2str -decimals 1 -bg_pseudo 0.01 -n score -lth score -5 -bginput -markov 1 -return distrib -return occ_proba -o $RSAT/public_html/tmp/wwwrun/2014/09/03/peak-motifs.2014-09-03.182940_2014-09-03.182940_LkVj4M/results/discovered_motifs/oligos_8nt_mkv6_m1/peak-motifs_oligos_8nt_mkv6_m1_scan_mkv1_enrichment.tab
; Quick counting mode          
; Input files
;	input	/home/rsat/rsat/public_html/tmp/wwwrun/2014/09/03/peak-motifs.2014-09-03.182940_2014-09-03.182940_LkVj4M/data/sequences/peak-motifs_test_maxlen400.fasta
; Matrix files
;	matrix 1	/home/rsat/rsat/public_html/tmp/wwwrun/2014/09/03/peak-motifs.2014-09-03.182940_2014-09-03.182940_LkVj4M/results/discovered_motifs/oligos_8nt_mkv6_m1/peak-motifs_oligos_8nt_mkv6_m1.tf
; Sequence format      	fasta
; Output files
;	output	/home/rsat/rsat/public_html/tmp/wwwrun/2014/09/03/peak-motifs.2014-09-03.182940_2014-09-03.182940_LkVj4M/results/discovered_motifs/oligos_8nt_mkv6_m1/peak-motifs_oligos_8nt_mkv6_m1_scan_mkv1_enrichment.tab
; Pseudo counts        	1
; Background model
;	Method        	input
;	Markov order  	1
;	Strand        	undef
;	Background pseudo-frequency	0.01
;	Residue probabilities
;		a	0.28671
;		c	0.21298
;		g	0.21277
;		t	0.28754
; Thresholds	lower	upper
;	score 	-5   	NA
;
; Matrices
;	matrix	name              	ncol	nrow	pseudo	Wmin	Wmax	Wrange
;	1	oligos_8nt_mkv6_m1	15	4	1	-54.700	16.100	70.800	a:0.287 c:0.213 g:0.213 t:0.288 
;
; Score distribution
#matrix	score	occ	occ_cum	inv_cum	inv_cum_freq	occ_prior	exp_occ	occ_Pval	occ_Eval	occ_sig	occ_sig_rank
oligos_8nt_mkv6_m1	-5.0	4677	19967222	190538	9.452340e-03	7.898275e-03	159211.52	0.000000e+00	0.000000e+00	350.00	1
oligos_8nt_mkv6_m1	-4.9	4561	19971783	185977	9.226075e-03	7.627565e-03	153754.61	0.000000e+00	0.000000e+00	350.00	2
oligos_8nt_mkv6_m1	-4.8	4392	19976175	181585	9.008194e-03	7.411328e-03	149395.77	0.000000e+00	0.000000e+00	350.00	3
oligos_8nt_mkv6_m1	-4.7	4329	19980504	177256	8.793438e-03	7.154773e-03	144224.20	0.000000e+00	0.000000e+00	350.00	4
oligos_8nt_mkv6_m1	-4.6	4281	19984785	172975	8.581063e-03	6.927824e-03	139649.40	0.000000e+00	0.000000e+00	350.00	5
oligos_8nt_mkv6_m1	-4.5	4193	19988978	168782	8.373054e-03	6.728692e-03	135635.36	0.000000e+00	0.000000e+00	350.00	6
oligos_8nt_mkv6_m1	-4.4	4089	19993067	164693	8.170204e-03	6.491481e-03	130853.72	0.000000e+00	0.000000e+00	350.00	7
oligos_8nt_mkv6_m1	-4.3	4142	19997209	160551	7.964725e-03	6.303194e-03	127058.26	0.000000e+00	0.000000e+00	350.00	8
oligos_8nt_mkv6_m1	-4.2	3902	20001111	156649	7.771152e-03	6.099423e-03	122950.70	0.000000e+00	0.000000e+00	350.00	9
oligos_8nt_mkv6_m1	-4.1	3754	20004865	152895	7.584921e-03	5.880857e-03	118544.89	0.000000e+00	0.000000e+00	350.00	10
oligos_8nt_mkv6_m1	-4.0	3612	20008477	149283	7.405734e-03	5.707274e-03	115045.86	0.000000e+00	0.000000e+00	350.00	11
oligos_8nt_mkv6_m1	-3.9	3581	20012058	145702	7.228085e-03	5.501003e-03	110887.90	0.000000e+00	0.000000e+00	350.00	12
oligos_8nt_mkv6_m1	-3.8	3522	20015580	142180	7.053363e-03	5.319107e-03	107221.28	0.000000e+00	0.000000e+00	350.00	13
oligos_8nt_mkv6_m1	-3.7	3522	20019102	138658	6.878642e-03	5.141488e-03	103640.88	0.000000e+00	0.000000e+00	350.00	14
oligos_8nt_mkv6_m1	-3.6	3273	20022375	135385	6.716272e-03	4.985744e-03	100501.44	0.000000e+00	0.000000e+00	350.00	15
oligos_8nt_mkv6_m1	-3.5	3255	20025630	132130	6.554796e-03	4.817603e-03	97112.08	0.000000e+00	0.000000e+00	350.00	16
oligos_8nt_mkv6_m1	-3.4	3193	20028823	128937	6.396396e-03	4.637344e-03	93478.46	0.000000e+00	0.000000e+00	350.00	17
oligos_8nt_mkv6_m1	-3.3	3166	20031989	125771	6.239334e-03	4.479686e-03	90300.44	0.000000e+00	0.000000e+00	350.00	18
oligos_8nt_mkv6_m1	-3.2	3029	20035018	122742	6.089070e-03	4.340031e-03	87485.31	0.000000e+00	0.000000e+00	350.00	19
oligos_8nt_mkv6_m1	-3.1	2869	20037887	119873	5.946742e-03	4.190173e-03	84464.49	0.000000e+00	0.000000e+00	350.00	20
oligos_8nt_mkv6_m1	-3.0	2837	20040724	117036	5.806003e-03	4.045043e-03	81538.99	0.000000e+00	0.000000e+00	350.00	21
oligos_8nt_mkv6_m1	-2.9	2730	20043454	114306	5.670571e-03	3.890274e-03	78419.20	0.000000e+00	0.000000e+00	350.00	22
oligos_8nt_mkv6_m1	-2.8	2843	20046297	111463	5.529533e-03	3.754447e-03	75681.23	0.000000e+00	0.000000e+00	350.00	23
oligos_8nt_mkv6_m1	-2.7	2643	20048940	108820	5.398418e-03	3.622018e-03	73011.77	0.000000e+00	0.000000e+00	350.00	24
oligos_8nt_mkv6_m1	-2.6	2602	20051542	106218	5.269336e-03	3.507365e-03	70700.61	0.000000e+00	0.000000e+00	350.00	25
oligos_8nt_mkv6_m1	-2.5	2513	20054055	103705	5.144669e-03	3.383485e-03	68203.47	0.000000e+00	0.000000e+00	350.00	26
oligos_8nt_mkv6_m1	-2.4	2489	20056544	101216	5.021193e-03	3.251254e-03	65537.99	0.000000e+00	0.000000e+00	350.00	27
oligos_8nt_mkv6_m1	-2.3	2389	20058933	98827	4.902678e-03	3.134828e-03	63191.11	0.000000e+00	0.000000e+00	350.00	28
oligos_8nt_mkv6_m1	-2.2	2414	20061347	96413	4.782923e-03	3.033590e-03	61150.38	0.000000e+00	0.000000e+00	350.00	29
oligos_8nt_mkv6_m1	-2.1	2360	20063707	94053	4.665846e-03	2.925258e-03	58966.65	0.000000e+00	0.000000e+00	350.00	30
oligos_8nt_mkv6_m1	-2.0	2237	20065944	91816	4.554871e-03	2.819382e-03	56832.43	0.000000e+00	0.000000e+00	350.00	31
oligos_8nt_mkv6_m1	-1.9	2205	20068149	89611	4.445484e-03	2.717303e-03	54774.73	0.000000e+00	0.000000e+00	350.00	32
oligos_8nt_mkv6_m1	-1.8	2220	20070369	87391	4.335353e-03	2.609362e-03	52598.90	0.000000e+00	0.000000e+00	350.00	33
oligos_8nt_mkv6_m1	-1.7	2160	20072529	85231	4.228198e-03	2.514246e-03	50681.57	0.000000e+00	0.000000e+00	350.00	34
oligos_8nt_mkv6_m1	-1.6	1886	20074415	83345	4.134636e-03	2.430984e-03	49003.19	0.000000e+00	0.000000e+00	350.00	35
oligos_8nt_mkv6_m1	-1.5	1995	20076410	81350	4.035667e-03	2.333442e-03	47036.97	0.000000e+00	0.000000e+00	350.00	36
oligos_8nt_mkv6_m1	-1.4	2049	20078459	79301	3.934019e-03	2.255990e-03	45475.71	0.000000e+00	0.000000e+00	350.00	37
oligos_8nt_mkv6_m1	-1.3	1796	20080255	77505	3.844921e-03	2.164454e-03	43630.54	0.000000e+00	0.000000e+00	350.00	38
oligos_8nt_mkv6_m1	-1.2	1845	20082100	75660	3.753393e-03	2.091671e-03	42163.40	0.000000e+00	0.000000e+00	350.00	39
oligos_8nt_mkv6_m1	-1.1	1753	20083853	73907	3.666429e-03	2.013449e-03	40586.62	0.000000e+00	0.000000e+00	350.00	40
oligos_8nt_mkv6_m1	-1.0	1819	20085672	72088	3.576191e-03	1.930336e-03	38911.24	0.000000e+00	0.000000e+00	350.00	41
oligos_8nt_mkv6_m1	-0.9	1734	20087406	70354	3.490170e-03	1.864858e-03	37591.36	0.000000e+00	0.000000e+00	350.00	42
oligos_8nt_mkv6_m1	-0.8	1693	20089099	68661	3.406182e-03	1.794027e-03	36163.56	0.000000e+00	0.000000e+00	350.00	43
oligos_8nt_mkv6_m1	-0.7	1625	20090724	67036	3.325568e-03	1.718791e-03	34646.98	0.000000e+00	0.000000e+00	350.00	44
oligos_8nt_mkv6_m1	-0.6	1580	20092304	65456	3.247186e-03	1.652828e-03	33317.30	0.000000e+00	0.000000e+00	350.00	45
oligos_8nt_mkv6_m1	-0.5	1525	20093829	63931	3.171533e-03	1.589235e-03	32035.41	0.000000e+00	0.000000e+00	350.00	46
oligos_8nt_mkv6_m1	-0.4	1565	20095394	62366	3.093896e-03	1.527601e-03	30793.01	0.000000e+00	0.000000e+00	350.00	47
oligos_8nt_mkv6_m1	-0.3	1545	20096939	60821	3.017250e-03	1.473743e-03	29707.36	0.000000e+00	0.000000e+00	350.00	48
oligos_8nt_mkv6_m1	-0.2	1538	20098477	59283	2.940952e-03	1.416130e-03	28546.01	0.000000e+00	0.000000e+00	350.00	49
oligos_8nt_mkv6_m1	-0.1	1481	20099958	57802	2.867481e-03	1.360235e-03	27419.28	0.000000e+00	0.000000e+00	350.00	50
oligos_8nt_mkv6_m1	0.0	1433	20101391	56369	2.796392e-03	1.300923e-03	26223.69	0.000000e+00	0.000000e+00	350.00	51
oligos_8nt_mkv6_m1	0.1	1322	20102713	55047	2.730810e-03	1.253857e-03	25274.96	0.000000e+00	0.000000e+00	350.00	52
oligos_8nt_mkv6_m1	0.2	1322	20104035	53725	2.665227e-03	1.198812e-03	24165.36	0.000000e+00	0.000000e+00	350.00	53
oligos_8nt_mkv6_m1	0.3	1392	20105427	52333	2.596172e-03	1.150726e-03	23196.06	0.000000e+00	0.000000e+00	350.00	54
oligos_8nt_mkv6_m1	0.4	1248	20106675	51085	2.534260e-03	1.103836e-03	22250.86	0.000000e+00	0.000000e+00	350.00	55
oligos_8nt_mkv6_m1	0.5	1181	20107856	49904	2.475672e-03	1.063262e-03	21432.98	0.000000e+00	0.000000e+00	350.00	56
oligos_8nt_mkv6_m1	0.6	1167	20109023	48737	2.417779e-03	1.020036e-03	20561.64	0.000000e+00	0.000000e+00	350.00	57
oligos_8nt_mkv6_m1	0.7	1153	20110176	47584	2.360580e-03	9.781741e-04	19717.80	0.000000e+00	0.000000e+00	350.00	58
oligos_8nt_mkv6_m1	0.8	1118	20111294	46466	2.305117e-03	9.378420e-04	18904.79	0.000000e+00	0.000000e+00	350.00	59
oligos_8nt_mkv6_m1	0.9	1101	20112395	45365	2.250498e-03	8.951165e-04	18043.54	0.000000e+00	0.000000e+00	350.00	60
oligos_8nt_mkv6_m1	1.0	1113	20113508	44252	2.195284e-03	8.578872e-04	17293.08	0.000000e+00	0.000000e+00	350.00	61
oligos_8nt_mkv6_m1	1.1	1007	20114515	43245	2.145328e-03	8.258261e-04	16646.80	0.000000e+00	0.000000e+00	350.00	62
oligos_8nt_mkv6_m1	1.2	1022	20115537	42223	2.094628e-03	7.875345e-04	15874.93	0.000000e+00	0.000000e+00	350.00	63
oligos_8nt_mkv6_m1	1.3	1053	20116590	41170	2.042390e-03	7.544295e-04	15207.61	0.000000e+00	0.000000e+00	350.00	64
oligos_8nt_mkv6_m1	1.4	953	20117543	40217	1.995113e-03	7.255798e-04	14626.06	0.000000e+00	0.000000e+00	350.00	65
oligos_8nt_mkv6_m1	1.5	1005	20118548	39212	1.945256e-03	6.915390e-04	13939.88	0.000000e+00	0.000000e+00	350.00	66
oligos_8nt_mkv6_m1	1.6	1013	20119561	38199	1.895002e-03	6.646720e-04	13398.30	0.000000e+00	0.000000e+00	350.00	67
oligos_8nt_mkv6_m1	1.7	882	20120443	37317	1.851247e-03	6.335222e-04	12770.39	0.000000e+00	0.000000e+00	350.00	68
oligos_8nt_mkv6_m1	1.8	958	20121401	36359	1.803722e-03	6.090066e-04	12276.21	0.000000e+00	0.000000e+00	350.00	69
oligos_8nt_mkv6_m1	1.9	811	20122212	35548	1.763490e-03	5.824330e-04	11740.55	0.000000e+00	0.000000e+00	350.00	70
oligos_8nt_mkv6_m1	2.0	865	20123077	34683	1.720578e-03	5.542861e-04	11173.17	0.000000e+00	0.000000e+00	350.00	71
oligos_8nt_mkv6_m1	2.1	836	20123913	33847	1.679105e-03	5.301258e-04	10686.15	0.000000e+00	0.000000e+00	350.00	72
oligos_8nt_mkv6_m1	2.2	833	20124746	33014	1.637781e-03	5.067121e-04	10214.18	0.000000e+00	0.000000e+00	350.00	73
oligos_8nt_mkv6_m1	2.3	840	20125586	32174	1.596110e-03	4.838099e-04	9752.52	0.000000e+00	0.000000e+00	350.00	74
oligos_8nt_mkv6_m1	2.4	818	20126404	31356	1.555530e-03	4.644130e-04	9361.53	0.000000e+00	0.000000e+00	350.00	75
oligos_8nt_mkv6_m1	2.5	788	20127192	30568	1.516438e-03	4.432956e-04	8935.85	0.000000e+00	0.000000e+00	350.00	76
oligos_8nt_mkv6_m1	2.6	817	20128009	29751	1.475908e-03	4.211073e-04	8488.58	0.000000e+00	0.000000e+00	350.00	77
oligos_8nt_mkv6_m1	2.7	816	20128825	28935	1.435427e-03	4.017853e-04	8099.09	0.000000e+00	0.000000e+00	350.00	78
oligos_8nt_mkv6_m1	2.8	745	20129570	28190	1.398469e-03	3.848734e-04	7758.19	0.000000e+00	0.000000e+00	350.00	79
oligos_8nt_mkv6_m1	2.9	731	20130301	27459	1.362205e-03	3.668853e-04	7395.59	0.000000e+00	0.000000e+00	350.00	80
oligos_8nt_mkv6_m1	3.0	718	20131019	26741	1.326586e-03	3.496822e-04	7048.81	0.000000e+00	0.000000e+00	350.00	81
oligos_8nt_mkv6_m1	3.1	687	20131706	26054	1.292505e-03	3.317641e-04	6687.62	0.000000e+00	0.000000e+00	350.00	82
oligos_8nt_mkv6_m1	3.2	701	20132407	25353	1.257729e-03	3.161016e-04	6371.90	0.000000e+00	0.000000e+00	350.00	83
oligos_8nt_mkv6_m1	3.3	647	20133054	24706	1.225632e-03	3.008522e-04	6064.51	0.000000e+00	0.000000e+00	350.00	84
oligos_8nt_mkv6_m1	3.4	700	20133754	24006	1.190906e-03	2.881530e-04	5808.52	0.000000e+00	0.000000e+00	350.00	85
oligos_8nt_mkv6_m1	3.5	598	20134352	23408	1.161240e-03	2.743111e-04	5529.50	0.000000e+00	0.000000e+00	350.00	86
oligos_8nt_mkv6_m1	3.6	668	20135020	22740	1.128102e-03	2.599004e-04	5239.01	0.000000e+00	0.000000e+00	350.00	87
oligos_8nt_mkv6_m1	3.7	603	20135623	22137	1.098188e-03	2.471268e-04	4981.52	0.000000e+00	0.000000e+00	350.00	88
oligos_8nt_mkv6_m1	3.8	618	20136241	21519	1.067529e-03	2.363087e-04	4763.45	0.000000e+00	0.000000e+00	350.00	89
oligos_8nt_mkv6_m1	3.9	527	20136768	20992	1.041386e-03	2.248282e-04	4532.03	0.000000e+00	0.000000e+00	350.00	90
oligos_8nt_mkv6_m1	4.0	562	20137330	20430	1.013506e-03	2.137849e-04	4309.42	0.000000e+00	0.000000e+00	350.00	91
oligos_8nt_mkv6_m1	4.1	546	20137876	19884	9.864192e-04	2.025628e-04	4083.21	0.000000e+00	0.000000e+00	350.00	92
oligos_8nt_mkv6_m1	4.2	547	20138423	19337	9.592832e-04	1.935477e-04	3901.49	0.000000e+00	0.000000e+00	350.00	93
oligos_8nt_mkv6_m1	4.3	511	20138934	18826	9.339332e-04	1.832270e-04	3693.44	0.000000e+00	0.000000e+00	350.00	94
oligos_8nt_mkv6_m1	4.4	489	20139423	18337	9.096745e-04	1.743193e-04	3513.89	0.000000e+00	0.000000e+00	350.00	95
oligos_8nt_mkv6_m1	4.5	491	20139914	17846	8.853167e-04	1.667321e-04	3360.94	0.000000e+00	0.000000e+00	350.00	96
oligos_8nt_mkv6_m1	4.6	443	20140357	17403	8.633400e-04	1.578676e-04	3182.26	0.000000e+00	0.000000e+00	350.00	97
oligos_8nt_mkv6_m1	4.7	457	20140814	16946	8.406688e-04	1.507183e-04	3038.14	0.000000e+00	0.000000e+00	350.00	98
oligos_8nt_mkv6_m1	4.8	435	20141249	16511	8.190891e-04	1.432029e-04	2886.65	0.000000e+00	0.000000e+00	350.00	99
oligos_8nt_mkv6_m1	4.9	419	20141668	16092	7.983030e-04	1.355327e-04	2732.04	0.000000e+00	0.000000e+00	350.00	100
oligos_8nt_mkv6_m1	5.0	453	20142121	15639	7.758303e-04	1.293069e-04	2606.54	0.000000e+00	0.000000e+00	350.00	101
oligos_8nt_mkv6_m1	5.1	441	20142562	15198	7.539529e-04	1.222167e-04	2463.62	0.000000e+00	0.000000e+00	350.00	102
oligos_8nt_mkv6_m1	5.2	410	20142972	14788	7.336133e-04	1.165871e-04	2350.13	0.000000e+00	0.000000e+00	350.00	103
oligos_8nt_mkv6_m1	5.3	392	20143364	14396	7.141667e-04	1.101717e-04	2220.82	0.000000e+00	0.000000e+00	350.00	104
oligos_8nt_mkv6_m1	5.4	385	20143749	14011	6.950673e-04	1.044397e-04	2105.27	0.000000e+00	0.000000e+00	350.00	105
oligos_8nt_mkv6_m1	5.5	370	20144119	13641	6.767121e-04	9.962979e-05	2008.31	0.000000e+00	0.000000e+00	350.00	106
oligos_8nt_mkv6_m1	5.6	394	20144513	13247	6.571663e-04	9.388696e-05	1892.55	0.000000e+00	0.000000e+00	350.00	107
oligos_8nt_mkv6_m1	5.7	366	20144879	12881	6.390095e-04	8.939058e-05	1801.91	0.000000e+00	0.000000e+00	350.00	108
oligos_8nt_mkv6_m1	5.8	378	20145257	12503	6.202574e-04	8.456634e-05	1704.67	0.000000e+00	0.000000e+00	350.00	109
oligos_8nt_mkv6_m1	5.9	373	20145630	12130	6.017534e-04	7.957587e-05	1604.07	0.000000e+00	0.000000e+00	350.00	110
oligos_8nt_mkv6_m1	6.0	357	20145987	11773	5.840431e-04	7.561621e-05	1524.25	0.000000e+00	0.000000e+00	350.00	111
oligos_8nt_mkv6_m1	6.1	337	20146324	11436	5.673250e-04	7.103520e-05	1431.91	0.000000e+00	0.000000e+00	350.00	112
oligos_8nt_mkv6_m1	6.2	396	20146720	11040	5.476799e-04	6.738857e-05	1358.40	0.000000e+00	0.000000e+00	350.00	113
oligos_8nt_mkv6_m1	6.3	346	20147066	10694	5.305153e-04	6.321878e-05	1274.35	0.000000e+00	0.000000e+00	350.00	114
oligos_8nt_mkv6_m1	6.4	343	20147409	10351	5.134995e-04	5.950899e-05	1199.57	0.000000e+00	0.000000e+00	350.00	115
oligos_8nt_mkv6_m1	6.5	355	20147764	9996	4.958885e-04	5.628232e-05	1134.53	0.000000e+00	0.000000e+00	350.00	116
oligos_8nt_mkv6_m1	6.6	336	20148100	9660	4.792199e-04	5.270362e-05	1062.39	0.000000e+00	0.000000e+00	350.00	117
oligos_8nt_mkv6_m1	6.7	333	20148433	9327	4.627002e-04	4.975256e-05	1002.90	0.000000e+00	0.000000e+00	350.00	118
oligos_8nt_mkv6_m1	6.8	324	20148757	9003	4.466270e-04	4.675818e-05	942.54	0.000000e+00	0.000000e+00	350.00	119
oligos_8nt_mkv6_m1	6.9	289	20149046	8714	4.322901e-04	4.365516e-05	879.99	0.000000e+00	0.000000e+00	350.00	120
oligos_8nt_mkv6_m1	7.0	335	20149381	8379	4.156712e-04	4.130002e-05	832.52	0.000000e+00	0.000000e+00	350.00	121
oligos_8nt_mkv6_m1	7.1	290	20149671	8089	4.012847e-04	3.849098e-05	775.89	0.000000e+00	0.000000e+00	350.00	122
oligos_8nt_mkv6_m1	7.2	340	20150011	7749	3.844177e-04	3.630104e-05	731.75	0.000000e+00	0.000000e+00	350.00	123
oligos_8nt_mkv6_m1	7.3	279	20150290	7470	3.705769e-04	3.385636e-05	682.47	0.000000e+00	0.000000e+00	350.00	124
oligos_8nt_mkv6_m1	7.4	267	20150557	7203	3.573314e-04	3.179364e-05	640.89	0.000000e+00	0.000000e+00	350.00	125
oligos_8nt_mkv6_m1	7.5	284	20150841	6919	3.432425e-04	3.004248e-05	605.59	0.000000e+00	0.000000e+00	350.00	126
oligos_8nt_mkv6_m1	7.6	267	20151108	6652	3.299970e-04	2.798553e-05	564.13	0.000000e+00	0.000000e+00	350.00	127
oligos_8nt_mkv6_m1	7.7	234	20151342	6418	3.183886e-04	2.647214e-05	533.62	0.000000e+00	0.000000e+00	350.00	128
oligos_8nt_mkv6_m1	7.8	235	20151577	6183	3.067305e-04	2.486896e-05	501.30	0.000000e+00	0.000000e+00	350.00	129
oligos_8nt_mkv6_m1	7.9	220	20151797	5963	2.958166e-04	2.325084e-05	468.68	0.000000e+00	0.000000e+00	350.00	130
oligos_8nt_mkv6_m1	8.0	197	20151994	5766	2.860437e-04	2.192669e-05	441.99	0.000000e+00	0.000000e+00	350.00	131
oligos_8nt_mkv6_m1	8.1	190	20152184	5576	2.766181e-04	2.056521e-05	414.55	0.000000e+00	0.000000e+00	350.00	132
oligos_8nt_mkv6_m1	8.2	195	20152379	5381	2.669444e-04	1.935175e-05	390.09	0.000000e+00	0.000000e+00	350.00	133
oligos_8nt_mkv6_m1	8.3	172	20152551	5209	2.584117e-04	1.803516e-05	363.55	0.000000e+00	0.000000e+00	350.00	134
oligos_8nt_mkv6_m1	8.4	214	20152765	4995	2.477954e-04	1.697955e-05	342.27	0.000000e+00	0.000000e+00	350.00	135
oligos_8nt_mkv6_m1	8.5	157	20152922	4838	2.400068e-04	1.591772e-05	320.87	0.000000e+00	0.000000e+00	350.00	136
oligos_8nt_mkv6_m1	8.6	173	20153095	4665	2.314245e-04	1.501442e-05	302.66	0.000000e+00	0.000000e+00	350.00	137
oligos_8nt_mkv6_m1	8.7	184	20153279	4481	2.222965e-04	1.408507e-05	283.92	0.000000e+00	0.000000e+00	350.00	138
oligos_8nt_mkv6_m1	8.8	180	20153459	4301	2.133670e-04	1.323563e-05	266.80	0.000000e+00	0.000000e+00	350.00	139
oligos_8nt_mkv6_m1	8.9	165	20153624	4136	2.051815e-04	1.230878e-05	248.12	0.000000e+00	0.000000e+00	350.00	140
oligos_8nt_mkv6_m1	9.0	180	20153804	3956	1.962520e-04	1.145519e-05	230.91	0.000000e+00	0.000000e+00	350.00	141
oligos_8nt_mkv6_m1	9.1	147	20153951	3809	1.889595e-04	1.084371e-05	218.58	0.000000e+00	0.000000e+00	350.00	142
oligos_8nt_mkv6_m1	9.2	140	20154091	3669	1.820143e-04	1.013546e-05	204.31	0.000000e+00	0.000000e+00	350.00	143
oligos_8nt_mkv6_m1	9.3	127	20154218	3542	1.757140e-04	9.413255e-06	189.75	0.000000e+00	0.000000e+00	350.00	144
oligos_8nt_mkv6_m1	9.4	143	20154361	3399	1.686199e-04	8.752501e-06	176.43	0.000000e+00	0.000000e+00	350.00	145
oligos_8nt_mkv6_m1	9.5	156	20154517	3243	1.608810e-04	8.185944e-06	165.01	0.000000e+00	0.000000e+00	350.00	146
oligos_8nt_mkv6_m1	9.6	121	20154638	3122	1.548783e-04	7.646428e-06	154.13	0.000000e+00	0.000000e+00	350.00	147
oligos_8nt_mkv6_m1	9.7	133	20154771	2989	1.482804e-04	7.091328e-06	142.95	0.000000e+00	0.000000e+00	350.00	148
oligos_8nt_mkv6_m1	9.8	140	20154911	2849	1.413352e-04	6.549249e-06	132.02	0.000000e+00	0.000000e+00	350.00	149
oligos_8nt_mkv6_m1	9.9	112	20155023	2737	1.357790e-04	5.974376e-06	120.43	0.000000e+00	0.000000e+00	350.00	150
oligos_8nt_mkv6_m1	10.0	126	20155149	2611	1.295283e-04	5.511601e-06	111.10	0.000000e+00	0.000000e+00	350.00	151
oligos_8nt_mkv6_m1	10.1	109	20155258	2502	1.241209e-04	5.116550e-06	103.14	0.000000e+00	0.000000e+00	350.00	152
oligos_8nt_mkv6_m1	10.2	112	20155370	2390	1.185648e-04	4.729612e-06	95.34	0.000000e+00	0.000000e+00	350.00	153
oligos_8nt_mkv6_m1	10.3	99	20155469	2291	1.136535e-04	4.328026e-06	87.24	0.000000e+00	0.000000e+00	350.00	154
oligos_8nt_mkv6_m1	10.4	88	20155557	2203	1.092879e-04	3.958367e-06	79.79	0.000000e+00	0.000000e+00	350.00	155
oligos_8nt_mkv6_m1	10.5	80	20155637	2123	1.053192e-04	3.666720e-06	73.91	0.000000e+00	0.000000e+00	350.00	156
oligos_8nt_mkv6_m1	10.6	119	20155756	2004	9.941581e-05	3.410677e-06	68.75	0.000000e+00	0.000000e+00	350.00	157
oligos_8nt_mkv6_m1	10.7	102	20155858	1902	9.435573e-05	3.144798e-06	63.39	0.000000e+00	0.000000e+00	350.00	158
oligos_8nt_mkv6_m1	10.8	87	20155945	1815	9.003977e-05	2.867344e-06	57.80	0.000000e+00	0.000000e+00	350.00	159
oligos_8nt_mkv6_m1	10.9	77	20156022	1738	8.621990e-05	2.614263e-06	52.70	0.000000e+00	0.000000e+00	350.00	160
oligos_8nt_mkv6_m1	11.0	75	20156097	1663	8.249925e-05	2.388626e-06	48.15	0.000000e+00	0.000000e+00	350.00	161
oligos_8nt_mkv6_m1	11.1	86	20156183	1577	7.823290e-05	2.211908e-06	44.59	0.000000e+00	0.000000e+00	350.00	162
oligos_8nt_mkv6_m1	11.2	72	20156255	1505	7.466108e-05	2.028473e-06	40.89	0.000000e+00	0.000000e+00	350.00	163
oligos_8nt_mkv6_m1	11.3	64	20156319	1441	7.148612e-05	1.872403e-06	37.74	0.000000e+00	0.000000e+00	350.00	164
oligos_8nt_mkv6_m1	11.4	77	20156396	1364	6.766625e-05	1.691532e-06	34.10	0.000000e+00	0.000000e+00	350.00	165
oligos_8nt_mkv6_m1	11.5	57	20156453	1307	6.483856e-05	1.567147e-06	31.59	0.000000e+00	0.000000e+00	350.00	166
oligos_8nt_mkv6_m1	11.6	99	20156552	1208	5.992730e-05	1.474353e-06	29.72	0.000000e+00	0.000000e+00	350.00	167
oligos_8nt_mkv6_m1	11.7	84	20156636	1124	5.576017e-05	1.370258e-06	27.62	0.000000e+00	0.000000e+00	350.00	168
oligos_8nt_mkv6_m1	11.8	59	20156695	1065	5.283325e-05	1.248587e-06	25.17	0.000000e+00	0.000000e+00	350.00	169
oligos_8nt_mkv6_m1	11.9	54	20156749	1011	5.015438e-05	1.145975e-06	23.10	0.000000e+00	0.000000e+00	350.00	170
oligos_8nt_mkv6_m1	12.0	40	20156789	971	4.817004e-05	1.056985e-06	21.31	0.000000e+00	0.000000e+00	350.00	171
oligos_8nt_mkv6_m1	12.1	55	20156844	916	4.544156e-05	9.827871e-07	19.81	0.000000e+00	0.000000e+00	350.00	172
oligos_8nt_mkv6_m1	12.2	63	20156907	853	4.231621e-05	8.978912e-07	18.10	0.000000e+00	0.000000e+00	350.00	173
oligos_8nt_mkv6_m1	12.3	51	20156958	802	3.978617e-05	8.290359e-07	16.71	0.000000e+00	0.000000e+00	350.00	174
oligos_8nt_mkv6_m1	12.4	20	20156978	782	3.879399e-05	7.370138e-07	14.86	0.000000e+00	0.000000e+00	350.00	175
oligos_8nt_mkv6_m1	12.5	32	20157010	750	3.720652e-05	6.774533e-07	13.66	0.000000e+00	0.000000e+00	350.00	176
oligos_8nt_mkv6_m1	12.6	39	20157049	711	3.527178e-05	6.316249e-07	12.73	0.000000e+00	0.000000e+00	350.00	177
oligos_8nt_mkv6_m1	12.7	35	20157084	676	3.353547e-05	5.801075e-07	11.69	0.000000e+00	0.000000e+00	350.00	178
oligos_8nt_mkv6_m1	12.8	39	20157123	637	3.160073e-05	5.187764e-07	10.46	0.000000e+00	0.000000e+00	350.00	179
oligos_8nt_mkv6_m1	12.9	46	20157169	591	2.931874e-05	4.692165e-07	9.46	0.000000e+00	0.000000e+00	350.00	180
oligos_8nt_mkv6_m1	13.0	69	20157238	522	2.589574e-05	4.126665e-07	8.32	0.000000e+00	0.000000e+00	350.00	181
oligos_8nt_mkv6_m1	13.1	19	20157257	503	2.495317e-05	3.781718e-07	7.62	0.000000e+00	0.000000e+00	350.00	182
oligos_8nt_mkv6_m1	13.2	75	20157332	428	2.123252e-05	3.275262e-07	6.60	0.000000e+00	0.000000e+00	350.00	183
oligos_8nt_mkv6_m1	13.3	99	20157431	329	1.632126e-05	2.867814e-07	5.78	0.000000e+00	0.000000e+00	350.00	184
oligos_8nt_mkv6_m1	13.4	33	20157464	296	1.468417e-05	2.462350e-07	4.96	0.000000e+00	0.000000e+00	350.00	185
oligos_8nt_mkv6_m1	13.5	15	20157479	281	1.394004e-05	2.086907e-07	4.21	0.000000e+00	0.000000e+00	350.00	186
oligos_8nt_mkv6_m1	13.6	12	20157491	269	1.334474e-05	1.804330e-07	3.64	0.000000e+00	0.000000e+00	350.00	187
oligos_8nt_mkv6_m1	13.7	51	20157542	218	1.081469e-05	1.609777e-07	3.24	2.313458e-307	4.719454e-305	304.33	188
oligos_8nt_mkv6_m1	13.8	41	20157583	177	8.780738e-06	1.371377e-07	2.76	2.657890e-246	5.422095e-244	243.27	189
oligos_8nt_mkv6_m1	13.9	16	20157599	161	7.986999e-06	1.208093e-07	2.44	2.003335e-226	4.086803e-224	223.39	190
oligos_8nt_mkv6_m1	14.0	12	20157611	149	7.391695e-06	9.485000e-08	1.91	3.424819e-220	6.986631e-218	217.16	191
oligos_8nt_mkv6_m1	14.1	18	20157629	131	6.498738e-06	8.412826e-08	1.70	2.456425e-193	5.011107e-191	190.30	192
oligos_8nt_mkv6_m1	14.2	22	20157651	109	5.407347e-06	7.179184e-08	1.45	5.176005e-160	1.055905e-157	156.98	193
oligos_8nt_mkv6_m1	14.3	14	20157665	95	4.712825e-06	6.055217e-08	1.22	4.848471e-141	9.890880e-139	138.00	194
oligos_8nt_mkv6_m1	14.4	9	20157674	86	4.266347e-06	4.415416e-08	0.89	7.640701e-136	1.558703e-133	132.81	195
oligos_8nt_mkv6_m1	14.5	13	20157687	73	3.621434e-06	3.039074e-08	0.61	3.561090e-122	7.264623e-120	119.14	196
oligos_8nt_mkv6_m1	14.6	1	20157688	72	3.571826e-06	2.497193e-08	0.50	3.417744e-126	6.972198e-124	123.16	197
oligos_8nt_mkv6_m1	14.7	10	20157698	62	3.075739e-06	1.878892e-08	0.38	1.575889e-112	3.214813e-110	109.49	198
oligos_8nt_mkv6_m1	14.9	23	20157721	39	1.934739e-06	1.289222e-08	0.26	5.706873e-70	1.164202e-67	66.93	199
oligos_8nt_mkv6_m1	15.0	6	20157727	33	1.637087e-06	9.340551e-09	0.19	1.124166e-61	2.293298e-59	58.64	200
oligos_8nt_mkv6_m1	15.1	1	20157728	32	1.587478e-06	7.571201e-09	0.15	2.460225e-62	5.018860e-60	59.30	201
oligos_8nt_mkv6_m1	15.3	20	20157748	12	5.953043e-07	5.273548e-09	0.11	3.940950e-21	8.039538e-19	18.09	202
oligos_8nt_mkv6_m1	15.4	11	20157759	1	4.960869e-08	3.019921e-09	0.06	5.905900e-02	1.204804e+01	-1.08	203
oligos_8nt_mkv6_m1	15.5	1	20157760	0	0.000000e+00	1.194828e-09	0.02	1.000000e+00	2.040000e+02	-2.31	204
; Number of sequences scanned	43038
; Sum of sequence lengths	10681503
; N residues           	63
; Matches per matrix
;	matrix	name              	matches	scored
;	1	oligos_8nt_mkv6_m1	20157759	20157759
;		TOTAL          	20157759	20157759
; Host name	rsat
; Job started	2014-09-03.191723
; Job done	2014-09-03.191741
; Seconds	9.38
;	user	9.38
;	system	0.04
;	cuser	0.57
;	csystem	0.03
